
strategic_region={
	id=1
	name="STRATEGICREGION_1"
	provinces={
		55 90 152 202 244 387 497 530 564 594 600 603 621 649 656 773 788 818 843 914 960 996 1009 1058 1198 1224 1259 1265 1286 1389 1440 1448 1742 1751 1786 1814 1833 1851 1874 1877 1945 1978 2007 2103 2155 2266 2428 2621 2660 2733 2852 2861 2864 2916 2998 3031 3119 3161 3169 3190 3191 3253 3313 3363 3376 3385 3415 3522 3560 3576 3650 3721 3723 3763 3764 3875 3904 3968 4047 4118 4275 4292 4328 4363 4377 4486 4517 4548 4581 4602 4614 4627 4674 4711 4745 4753 4787 4796 5006 5025 5032 5068 5145 5186 5242 5250 5256 5278 5287 5375 5422 5436 5447 5534 5567 5675 5725 5731 5761 5778 5824 5874 5911 5929 5969 6007 6023 6088 6108 6181 6232 6275 6280 6306 6352 6376 6442 6454 6487 6511 6518 6551 6605 6731 6764 6784 6830 6868 7064 7121 7171 7189 7377 7386 7388 7424 7447 7487 7568 7710 7721 7743 7774 7788 7831 7887 7946 7965 8039 8068 8092 8097 8212 8239 8242 8247 8294 8306 8331 8347 8544 8561 8583 8670 8721 8730 8782 8810 8825 8837 8907 8916 8918 8922 8986 9006 9031 9059 9064 9762 9776 9790 9795 9818 9830 9837 9864 9894 9895 9931 9950 9952 9954 9957 9959 9965 9970 9975 9999 10000 10006 10017 10025 10026 10029 10043 10050 10051 10053 10063 10078 10079 10090 10098 10100 10116 10120 10123 10126 10133 10147 10152 10166 10172 10173 10174 10181 10186 10197 10214 10215 10222 10223 10237 10244 10253 10258 10262 10270 10275 10283 10286 10288 10295 10298 10305 10326 10328 10329 10348 10349 10359 10360 10367 10372 10378 10396 10409 10417 10430 10449 10462 10481 10485 10519 10539 10542 10551 10570 10582 10590 10616 10625 10641 10670 10679 12927 12929 12954 13083 13101 13156 13177 13188 13191 13213 13262 13263 13289 13450 13529 13548 13655 13728 13754 13764 13786 13791 13860 13897 13924 13959 13971 14009 14039 14086 14091 14108 14187 14246 14269 14277 14282 14304 14318 14331 14343 14361 14370 14383 14387 14406 14484 14511 14542 14562 14602 14627 14657 14676 14695 14737 14764 14779 14830 14863 14919 14934 14966 14991 15013 15070 15101 15107 15119 15156 15160 15173 15208 15393 15395 15399 15400 15403 15405 15412 15414 15429 
	}
	weather={
	}
}
