
strategic_region={
	id=11
	name="STRATEGICREGION_11"
	provinces={
		3 23 41 47 68 94 120 124 139 141 153 155 169 176 195 257 268 285 320 322 337 357 384 400 401 410 427 439 455 469 487 517 539 556 586 593 693 710 718 786 835 853 880 881 888 913 966 1002 1012 1018 1034 1052 1087 1091 1106 1134 1145 1164 1177 1178 1189 1231 1256 1268 1272 1328 1337 1370 1381 1407 1408 1446 1470 1482 1529 1538 1548 1560 1578 1599 1608 1630 1649 1678 1700 1779 1809 1810 1823 1845 1894 1895 1933 1939 2003 2013 2104 2115 2133 2165 2184 2196 2197 2199 2241 2247 2248 2252 2276 2284 2288 2294 2305 2317 2327 2336 2351 2369 2370 2378 2386 2398 2421 2449 2458 2524 2532 2535 2542 2599 2607 2614 2619 2628 2663 2691 2717 2737 2778 2783 2788 2860 2886 2889 2900 2904 2907 2934 2946 2973 2983 2990 3015 3020 3025 3037 3038 3070 3109 3115 3132 3133 3155 3181 3220 3223 3227 3238 3240 3257 3258 3263 3307 3325 3354 3367 3368 3383 3421 3440 3513 3521 3569 3602 3609 3632 3641 3676 3705 3706 3708 3749 3755 3780 3788 3799 3822 3864 3871 3879 3894 3913 3929 3930 3937 3993 4015 4039 4070 4076 4089 4104 4115 4157 4179 4182 4184 4212 4224 4227 4228 4237 4260 4272 4315 4320 4336 4365 4370 4387 4405 4423 4432 4465 4471 4490 4506 4510 4533 4577 4636 4640 4641 4643 4644 4649 4682 4686 4695 4715 4717 4751 4761 4789 4800 4810 4823 4841 4873 4881 4925 4931 4965 5040 5055 5089 5091 5110 5126 5142 5152 5188 5194 5199 5212 5240 5243 5246 5273 5282 5289 5290 5307 5313 5318 5324 5333 5352 5361 5420 5458 5476 5506 5509 5513 5532 5560 5569 5582 5584 5588 5591 5605 5606 5611 5617 5650 5674 5711 5743 5748 5753 5760 5764 5767 5774 5817 5833 5842 5877 5896 5898 5905 5914 5927 6017 6020 6029 6053 6054 6080 6089 6097 6110 6138 6152 6186 6187 6216 6264 6303 6335 6379 6424 6460 6475 6514 6529 6531 6540 6544 6555 6582 6590 6597 6612 6634 6654 6663 6724 6729 6823 6841 6856 6879 6882 6883 6903 6905 6935 6938 6957 6967 6969 6979 6980 6982 6985 6988 6995 7020 7029 7044 7052 7105 7110 7116 7154 7172 7181 7204 7214 7215 7220 7223 7243 7253 7278 7296 7318 7320 7365 7378 7387 7407 7423 7431 7449 7477 7549 7555 7559 7570 7584 7607 7634 7679 7688 7693 7702 7704 7737 7749 7768 7777 7813 7814 7835 7872 7901 7902 7918 7929 7938 7961 7977 8006 8009 8047 8057 8081 8106 8112 8113 8119 8137 8139 8141 8156 8160 8173 8195 8204 8205 8211 8214 8225 8254 8259 8265 8271 8289 8295 8299 8311 8315 8317 8341 8342 8351 8368 8395 8398 8402 8416 8428 8430 8433 8440 8459 8474 8513 8515 8547 8550 8609 8610 8625 8664 8678 8682 8690 8693 8713 8719 8722 8732 8734 8739 8746 8788 8798 8822 8843 8871 8872 8925 8949 8967 8974 8996 9004 9026 9046 9077 9452 9475 9496 9501 9525 9526 9555 9581 9585 9586 9604 9618 9621 9622 9637 9641 9643 9648 9661 9663 9680 9688 9695 9700 9704 9713 9714 9721 9722 9732 9744 9752 9777 9782 9783 9810 9811 9819 9820 9823 9824 9825 9841 9846 9850 9856 9860 9861 9865 9871 9878 9880 9881 9886 9896 9897 9898 9902 9904 9915 9917 9918 9920 9930 9933 9940 9941 9942 9951 9953 9961 9962 9966 9969 9977 9978 9979 9992 10001 10003 10005 10008 10011 10016 10019 10032 10035 10036 10037 10040 10044 10045 10048 10049 10052 10054 10058 10060 10068 10069 10081 10082 10086 10088 10089 10091 10094 10097 10099 10102 10105 10106 10107 10117 10118 10128 10135 10137 10138 10140 10144 10153 10160 10167 10168 10176 10178 10179 10180 10183 10184 10192 10194 10195 10199 10200 10203 10206 10208 10209 10217 10218 10225 10231 10235 10238 10246 10249 10251 10254 10255 10261 10263 10264 10273 10280 10281 10289 10293 10301 10303 10309 10311 10312 10315 10316 10317 10318 10320 10331 10334 10335 10340 10342 10343 10345 10352 10354 10362 10363 10366 10369 10373 10380 10384 10385 10390 10394 10395 10398 10401 10402 10403 10410 10418 10419 10424 10425 10426 10427 10438 10443 10444 10445 10450 10461 10470 10478 10483 10484 10490 10493 10494 10495 10498 10504 10505 10515 10516 10523 10528 10537 10541 10543 10548 10552 10554 10557 10561 10565 10566 10571 10574 10579 10580 10591 10593 10594 10596 10597 10599 10601 10608 10644 10646 10647 10657 10666 10677 10689 10724 10732 10738 10745 10754 10793 
	}
	weather={
	}
}
