
strategic_region={
	id=12
	name="STRATEGICREGION_12"
	provinces={
		11 52 84 100 129 144 154 158 168 177 196 203 230 262 263 278 289 295 300 386 413 423 515 516 522 527 566 578 604 606 622 635 655 657 661 662 668 705 746 755 779 848 854 893 894 912 928 931 961 997 1010 1017 1029 1030 1036 1049 1055 1056 1124 1209 1214 1236 1239 1247 1249 1250 1288 1316 1329 1427 1444 1459 1464 1474 1502 1523 1543 1622 1656 1659 1680 1699 1713 1729 1732 1780 1789 1804 1841 1864 1884 1921 1930 1942 1955 1964 1997 2014 2025 2042 2048 2061 2078 2083 2088 2119 2122 2147 2150 2157 2171 2185 2188 2212 2259 2268 2333 2354 2361 2388 2396 2414 2419 2429 2456 2457 2483 2495 2508 2551 2560 2571 2572 2578 2587 2613 2618 2664 2668 2670 2675 2685 2693 2702 2757 2769 2790 2809 2832 2838 2858 2881 2883 2892 2898 2905 2913 2938 2944 2949 2951 2974 2981 2982 2995 3001 3014 3029 3042 3056 3077 3121 3153 3159 3179 3187 3194 3208 3236 3244 3261 3270 3271 3290 3298 3322 3339 3378 3380 3388 3390 3416 3466 3469 3498 3524 3530 3549 3566 3580 3586 3604 3608 3616 3640 3647 3668 3677 3680 3741 3760 3761 3784 3800 3803 3810 3814 3853 3876 3880 3889 3897 3898 3941 3948 3950 3966 3971 3972 3988 4003 4012 4014 4016 4018 4063 4072 4084 4099 4106 4112 4128 4135 4148 4170 4183 4207 4235 4243 4264 4269 4283 4289 4297 4332 4335 4339 4340 4358 4360 4371 4388 4391 4396 4414 4420 4442 4444 4481 4483 4497 4516 4528 4571 4588 4591 4671 4697 4744 4749 4764 4771 4788 4818 4821 4838 4852 4860 4866 4871 4896 4897 4899 4909 4916 4960 4975 4991 4993 5042 5046 5066 5080 5094 5099 5133 5139 5147 5151 5169 5200 5247 5251 5259 5268 5292 5297 5334 5342 5366 5380 5386 5409 5426 5429 5431 5433 5438 5443 5449 5486 5515 5517 5524 5531 5539 5541 5549 5570 5572 5620 5621 5623 5624 5636 5645 5648 5681 5692 5742 5755 5792 5794 5801 5812 5816 5818 5822 5828 5845 5852 5862 5863 5875 5889 5897 5901 5919 5930 5949 5957 5963 5971 5977 5994 5998 6021 6041 6046 6052 6116 6144 6145 6151 6171 6188 6190 6199 6200 6203 6223 6242 6251 6267 6283 6289 6328 6356 6364 6398 6401 6406 6414 6416 6430 6433 6448 6449 6467 6489 6503 6507 6520 6554 6574 6587 6595 6598 6599 6630 6677 6694 6705 6715 6719 6738 6754 6774 6780 6799 6803 6835 6848 6877 6891 6916 6970 7004 7006 7011 7023 7034 7050 7056 7062 7070 7083 7090 7091 7099 7104 7114 7126 7130 7182 7202 7268 7285 7290 7310 7315 7323 7331 7359 7380 7401 7418 7427 7432 7464 7479 7505 7538 7546 7560 7562 7576 7588 7594 7599 7600 7602 7606 7612 7614 7627 7631 7706 7707 7708 7715 7731 7742 7751 7753 7755 7761 7765 7767 7779 7785 7793 7806 7822 7823 7825 7832 7834 7861 7916 7950 7951 7979 8035 8070 8078 8080 8094 8120 8140 8178 8182 8185 8222 8223 8224 8226 8233 8287 8298 8302 8320 8404 8408 8448 8463 8467 8492 8501 8530 8540 8557 8562 8567 8632 8648 8650 8665 8668 8673 8676 8705 8706 8714 8725 8727 8733 8740 8775 8800 8805 8817 8819 8836 8839 8849 8856 8858 8875 8889 8891 8897 8926 8932 8947 8951 8964 8968 9016 9027 9071 9078 9088 9091 10762 10776 10854 10867 10898 10912 10919 10922 10928 10930 10935 10946 10949 10957 10968 10976 10980 10981 10992 11002 11011 11015 11024 11037 11044 11047 11063 11069 11070 11071 11089 11092 11099 11100 11103 11117 11122 11130 11134 11135 11136 11147 11156 11165 11169 11173 11186 11187 11189 11190 11196 11197 11198 11201 11204 11208 11215 11228 11229 11230 11232 11237 11238 11242 11248 11252 11255 11258 11259 11269 11270 11274 11279 11281 11286 11292 11296 11310 11311 11322 11323 11325 11330 11341 11342 11345 11346 11347 11352 11357 11358 11359 11370 11377 11383 11384 11386 11395 11397 11414 11415 11416 11417 11418 11421 11436 11437 11442 11443 11449 11451 11454 11473 11474 11476 11477 11484 11488 11489 11502 11506 11507 11509 11512 11513 11514 11519 11526 11533 11549 11552 11557 11563 11564 11569 11577 11579 11583 11590 11596 11602 11605 11619 11623 11624 11636 11641 11642 11645 11660 11670 11679 11680 11686 11687 11694 11695 11696 11705 11709 11710 11712 11717 11722 11726 11742 11743 11745 11749 11761 11765 11768 11770 11773 11778 11780 11788 11792 11795 11803 11813 11814 11822 11833 11836 11843 11844 11849 11851 11854 11855 11865 11868 11871 11877 11884 11887 11892 11893 11898 11899 11905 11917 11932 11941 11958 11959 11960 11961 11966 11973 11981 11982 11985 11992 12004 12011 12020 12027 12030 12035 12036 12040 12048 12055 12059 12060 12061 12066 12071 12092 12094 12095 12100 12102 12106 12121 12123 12129 12130 12137 12144 12149 12153 12159 12166 12167 12169 12171 12177 12182 12185 12193 12198 12208 12210 12215 12219 12221 12222 12226 12230 12240 12249 12250 12251 12253 12263 12271 12273 12275 12281 12294 12295 12312 12315 12325 12329 12331 12332 12342 12372 15839 16292 16581 16600 17496 17575 17582 17584 
	}
	weather={
	}
}
