
strategic_region={
	id=13
	name="STRATEGICREGION_13"
	provinces={
		31 104 113 125 140 236 242 264 266 296 398 402 430 457 555 588 592 618 672 688 701 769 796 798 828 871 897 944 1075 1105 1116 1155 1168 1176 1234 1304 1317 1371 1377 1385 1387 1405 1417 1431 1434 1442 1450 1456 1508 1513 1536 1547 1565 1590 1601 1625 1632 1642 1647 1679 1694 1838 1862 1870 1898 2006 2055 2064 2086 2156 2190 2218 2270 2331 2340 2342 2345 2443 2522 2547 2589 2657 2786 2792 2794 2821 2894 2920 2956 2975 2993 2999 3059 3108 3149 3176 3186 3214 3255 3293 3312 3345 3398 3501 3600 3615 3686 3689 3791 3793 3801 3811 3899 3902 3940 3952 4001 4024 4033 4163 4194 4267 4470 4525 4530 4546 4584 4648 4669 4676 4680 4772 4803 4874 4887 4917 4939 4956 5069 5101 5160 5209 5210 5220 5299 5302 5397 5418 5430 5482 5522 5530 5546 5590 5660 5666 5669 5756 5763 5831 5869 5876 5960 5964 5978 6077 6083 6103 6142 6169 6170 6192 6305 6357 6484 6522 6563 6631 6700 6736 6745 6771 6788 6838 6840 6892 6946 6975 7033 7035 7141 7260 7267 7274 7298 7302 7399 7405 7454 7514 7597 7598 7626 7638 7698 7838 7844 7908 8048 8108 8155 8159 8184 8198 8215 8221 8240 8273 8275 8283 8374 8494 8595 8614 8709 8741 8762 8763 8868 8970 8984 9025 9069 9089 9094 12127 12140 12162 12173 12190 12201 12204 12209 12216 12220 12223 12231 12233 12239 12241 12244 12245 12256 12257 12260 12265 12266 12269 12272 12276 12279 12283 12287 12291 12297 12298 12302 12304 12317 12326 12336 12340 12341 12343 12344 12346 12349 12350 12351 12352 12355 12356 12357 12361 12362 12368 12369 12371 12377 12378 12394 12397 12398 12401 12403 12407 12409 12417 12418 12421 12427 12428 12438 12440 12442 12450 12461 12463 12464 12478 12494 12499 12504 12506 12510 12512 12513 12514 12519 12523 12528 12531 12534 12535 12539 12548 12552 12559 12580 12581 12595 12604 12609 12635 12648 12666 12705 15848 16657 17649 17747 
	}
	weather={
	}
}
