
strategic_region={
	id=14
	name="STRATEGICREGION_14"
	provinces={
		108 256 406 571 716 1035 1445 1465 1500 1530 2096 2332 2558 2782 3341 3359 3636 3664 3762 3863 4245 4334 4402 4484 4499 5149 5298 5642 5750 5999 6822 7190 7536 7714 7727 9102 9103 9104 9105 9106 9107 9108 9109 9110 9111 9112 9113 9114 12860 12861 12862 12863 12864 12865 12866 12867 12868 12869 12870 12871 12872 12873 12874 12875 12876 12877 12878 12879 12880 12881 12882 12883 12884 12885 12886 12887 12888 12889 12890 12891 12892 12893 12894 12895 12896 12897 12898 12899 12900 12902 12903 12904 12905 12906 12907 12908 12909 12910 12911 12912 12913 12914 12915 12917 12918 12919 12920 12921 12977 13006 13020 13085 13103 13111 13141 13176 13193 13198 13203 13206 13221 13240 13270 13283 13290 13294 13332 13348 13396 13411 13440 13463 13465 13511 13515 13527 13528 13539 13553 13587 13592 13616 13629 13681 13703 13738 13757 13767 13769 13797 13815 13865 13889 13906 13949 13960 13981 13986 13999 14018 14025 14033 14035 14036 14047 14058 14074 14075 14090 14096 14113 14135 14151 14161 14208 14215 14225 14249 14252 14280 14312 14317 14337 14338 14368 14372 14390 14391 14447 14462 14463 14469 14512 14520 14554 14576 14582 14587 14591 14593 14616 14626 14631 14646 14653 14663 14665 14683 14739 14748 14783 14801 14813 14833 14843 14852 14869 14879 14925 14940 14947 14955 14972 14992 14993 15009 15012 15027 15029 15036 15039 15041 15048 15066 15068 15081 15097 15104 15108 15112 15118 15124 15128 15139 15187 15189 15204 15206 15216 15224 15229 15231 15236 15240 15244 15245 15247 15249 15253 15254 15255 15263 15265 15266 15268 15272 15273 15275 16095 16116 16172 16206 16578 16713 16761 16762 16763 16764 16766 16767 16768 16769 16770 16772 17806 17807 
	}
	weather={
	}
}
