
strategic_region={
	id=15
	name="STRATEGICREGION_15"
	provinces={
		6 26 33 42 50 59 62 67 76 86 96 102 105 110 118 133 137 145 148 149 159 163 167 172 181 201 204 208 212 216 223 224 240 241 253 259 265 274 305 314 316 318 319 324 328 329 330 335 341 355 356 363 365 397 399 403 426 433 450 471 486 491 500 503 507 518 534 544 552 569 583 597 619 624 633 634 642 648 652 660 665 666 669 683 691 694 695 696 708 711 712 713 726 730 738 753 756 771 775 778 783 785 820 824 832 849 859 862 884 892 900 917 925 948 952 954 955 958 959 963 967 970 971 972 973 982 991 995 1004 1023 1031 1045 1046 1093 1094 1137 1146 1148 1151 1153 1156 1159 1161 1163 1173 1179 1183 1184 1193 1204 1205 1215 1219 1229 1240 1244 1248 1264 1267 1275 1300 1301 1305 1307 1309 1315 1331 1338 1360 1382 1402 1414 1420 1441 1447 1451 1453 1460 1467 1473 1481 1487 1493 1494 1497 1499 1509 1512 1518 1546 1550 1551 1552 1559 1572 1584 1585 1609 1610 1615 1617 1620 1635 1662 1677 1702 1717 1718 1733 1739 1741 1743 1744 1745 1748 1759 1762 1766 1769 1773 1783 1784 1790 1806 1819 1827 1855 1863 1866 1867 1873 1883 1887 1899 1900 1901 1903 1906 1918 1922 1931 1951 1954 1958 1967 1972 1979 1984 1990 1994 2005 2015 2017 2021 2044 2085 2087 2098 2112 2120 2121 2125 2126 2139 2144 2159 2162 2166 2170 2172 2173 2179 2183 2186 2194 2209 2217 2224 2227 2228 2230 2232 2237 2239 2254 2260 2262 2272 2293 2321 2347 2363 2366 2372 2376 2389 2393 2405 2424 2431 2435 2442 2451 2462 2472 2473 2475 2504 2517 2528 2538 2539 2544 2546 2561 2567 2592 2608 2629 2632 2634 2638 2643 2654 2658 2666 2669 2681 2701 2705 2706 2714 2720 2734 2735 2750 2763 2764 2773 2777 2798 2802 2805 2811 2814 2820 2822 2824 2825 2827 2831 2834 2843 2847 2854 2855 2863 2870 2876 2887 2893 2895 2897 2931 2932 2959 2987 2992 3006 3012 3030 3036 3041 3048 3061 3066 3067 3086 3091 3092 3107 3110 3114 3124 3129 3137 3141 3145 3146 3162 3170 3172 3178 3189 3192 3195 3215 3221 3237 3249 3251 3264 3268 3272 3278 3281 3288 3300 3306 3308 3317 3320 3329 3332 3333 3337 3343 3353 3366 3371 3391 3402 3403 3417 3424 3436 3459 3464 3465 3467 3472 3475 3494 3514 3523 3529 3536 3538 3545 3551 3552 3556 3557 3584 3585 3596 3603 3611 3694 3697 3698 3703 3716 3722 3736 3738 3745 3772 3792 3795 3825 3832 3833 3835 3842 3848 3877 3892 3896 3914 3924 3939 3943 3949 4025 4057 4073 4083 4087 4097 4102 4111 4119 4121 4122 4142 4149 4151 4213 4215 4222 4230 4240 4286 4291 4316 4324 4346 4373 4374 4378 4380 4386 4400 4419 4428 4435 4454 4473 4475 4477 4521 4545 4557 4594 4595 4600 4603 4606 4613 4618 4622 4623 4637 4655 4687 4694 4699 4716 4724 4750 4777 4780 4781 4784 4798 4814 4837 4839 4859 4879 4893 4902 4904 4913 4915 4942 4946 4950 4971 4987 4994 4997 5003 5007 5008 5009 5019 5029 5031 5039 5059 5072 5079 5087 5100 5113 5114 5137 5140 5144 5153 5171 5181 5224 5238 5257 5265 5305 5320 5331 5336 5340 5354 5356 5365 5371 5389 5416 5442 5444 5463 5477 5502 5514 5516 5519 5538 5542 5545 5547 5561 5565 5568 5576 5587 5597 5609 5613 5633 5655 5658 5664 5671 5683 5698 5702 5707 5712 5730 5744 5754 5765 5782 5796 5797 5821 5829 5834 5850 5853 5871 5872 5882 5894 5908 5926 5946 5951 5953 5970 5974 5984 5997 6008 6018 6031 6047 6051 6078 6096 6104 6122 6124 6128 6130 6137 6178 6207 6221 6277 6291 6295 6317 6333 6350 6373 6400 6403 6413 6461 6499 6543 6547 6561 6562 6579 6616 6619 6624 6637 6647 6688 6709 6716 6721 6743 6747 6751 6787 6845 6880 6893 6899 6904 6912 6937 6945 6986 6989 7013 7016 7022 7031 7075 7100 7102 7119 7149 7160 7209 7212 7234 7236 7239 7240 7248 7259 7270 7284 7306 7312 7317 7333 7348 7371 7381 7402 7488 7490 7501 7513 7521 7540 7552 7567 7596 7659 7672 7732 7748 7766 7789 7829 7869 7870 7873 7892 7931 7969 7971 7975 7984 7999 8020 8022 8025 8076 8082 8101 8125 8126 8144 8168 8206 8216 8241 8281 8284 8290 8338 8343 8376 8386 8442 8446 8475 8490 8500 8514 8518 8532 8534 8536 8560 8572 8608 8626 8652 8675 8687 8694 8698 8700 8737 8754 8792 8850 8854 8879 8885 8899 8903 8920 8934 8936 8937 8944 8946 8972 8987 9005 9011 9028 9038 9057 9083 12300 12303 12309 12318 12322 12354 12366 12375 12383 12386 12389 12396 12399 12400 12414 12415 12416 12424 12430 12431 12432 12443 12448 12449 12452 12455 12466 12469 12470 12471 12476 12477 12479 12480 12485 12489 12490 12493 12495 12498 12507 12508 12516 12524 12525 12526 12527 12529 12532 12538 12540 12542 12543 12550 12555 12556 12558 12560 12561 12562 12563 12565 12566 12569 12570 12572 12577 12579 12584 12585 12586 12589 12590 12591 12593 12594 12597 12599 12601 12602 12603 12607 12613 12615 12616 12617 12618 12619 12620 12621 12622 12623 12628 12629 12631 12632 12636 12638 12640 12645 12646 12650 12652 12653 12654 12655 12658 12661 12664 12665 12670 12673 12677 12679 12680 12682 12683 12685 12686 12693 12694 12696 12698 12700 12702 12703 12704 12706 12710 12712 12713 12715 12717 12719 12721 12722 12723 12724 12725 12727 12729 12733 12735 12737 12738 12740 12742 12745 12747 12748 12752 12753 12755 12756 12757 12758 12761 12762 12763 12768 12771 12774 12775 12777 12782 12783 12784 12786 12788 12791 12792 12793 12795 12796 12797 12799 12800 12801 12804 12805 12806 12808 12809 12810 12812 12815 12817 12819 12820 12822 12825 12828 12829 12830 12831 12832 12834 12835 12837 12838 12840 12841 12843 12844 12846 12848 12849 12852 12858 13192 13366 13373 13534 13543 13607 13771 13930 14099 14127 14278 14384 14448 14451 14491 14534 14769 14772 14788 14822 14853 14918 15086 15192 15530 15538 15539 15661 15697 15865 15946 15994 16074 16149 16154 16161 16202 16297 16392 16420 16432 16442 16443 16511 16533 16576 16591 16612 16632 16716 16760 17672 17679 17686 17726 17729 17730 17731 17732 17733 17734 17737 17740 17742 17743 17744 17745 17746 17762 17764 17765 17766 17767 17768 17769 17770 17771 17772 17773 17774 17775 17776 17782 17783 17788 17792 17794 17795 17797 17798 17802 17803 17805 17814 
	}
	weather={
	}
}
