
strategic_region={
	id=16
	name="STRATEGICREGION_16"
	provinces={
		15625 15677 15699 15715 15720 15725 15731 15736 15739 15765 15775 15788 15799 15808 15810 15811 15813 15815 15819 15829 15857 15902 15905 15906 15954 15966 15974 15998 16026 16039 16066 16077 16098 16105 16114 16124 16128 16130 16143 16145 16162 16166 16198 16231 16277 16324 16325 16344 16351 16353 16361 16366 16384 16394 16397 16407 16414 16416 16467 16473 16482 16508 16532 16539 16544 16601 16614 16626 16651 16665 16671 16745 16748 16751 17355 17356 17357 17361 17364 17368 17369 17373 17374 17377 17383 17387 17393 17395 17397 17398 17402 17403 17404 17405 17407 17410 17412 17413 17414 17415 17416 17421 17423 17425 17428 17429 17431 17433 17435 17436 17438 17439 17442 17444 17445 17447 17448 17450 17451 17453 17457 17458 17461 17463 17468 17469 17470 17472 17475 17476 17480 17481 17484 17488 17491 17503 17507 17511 17524 17526 17546 17558 
	}
	weather={
	}
}
