
strategic_region={
	id=17
	name="STRATEGICREGION_17"
	provinces={
		1 39 127 128 132 160 174 206 207 209 214 228 248 251 261 293 317 367 376 389 418 438 444 461 462 521 524 563 580 616 680 704 791 793 834 851 895 904 921 938 947 949 962 993 994 1007 1021 1037 1038 1073 1120 1133 1143 1150 1157 1175 1212 1217 1242 1257 1326 1327 1477 1480 1519 1526 1527 1528 1568 1570 1580 1613 1701 1724 1738 1788 1803 1813 1875 1920 1944 1985 2038 2059 2084 2111 2129 2153 2168 2177 2263 2264 2267 2274 2290 2357 2362 2390 2391 2402 2409 2425 2466 2479 2481 2487 2521 2557 2586 2625 2635 2642 2680 2694 2697 2712 2715 2799 2828 2835 2862 2872 2874 2888 2965 2976 3094 3095 3128 3151 3177 3202 3204 3297 3321 3382 3431 3484 3486 3496 3535 3541 3561 3562 3564 3588 3595 3607 3669 3700 3731 3740 3758 3789 3794 3816 3838 3860 3862 3869 3901 3906 3925 3963 3974 3991 4005 4022 4030 4032 4042 4055 4086 4114 4120 4132 4158 4169 4188 4210 4214 4220 4221 4234 4280 4337 4343 4367 4376 4394 4424 4433 4439 4487 4511 4512 4519 4552 4554 4569 4590 4609 4615 4652 4677 4678 4693 4709 4731 4793 4804 4865 4868 4905 4927 4948 4959 4978 4982 5011 5065 5095 5125 5138 5163 5175 5235 5261 5271 5286 5310 5344 5374 5378 5414 5434 5453 5456 5462 5492 5494 5562 5604 5615 5630 5632 5684 5709 5720 5726 5727 5736 5768 5770 5783 5802 5825 5864 5887 5903 5921 5959 6004 6066 6068 6234 6239 6311 6324 6349 6417 6429 6445 6458 6464 6483 6485 6501 6515 6521 6550 6566 6583 6584 6604 6651 6685 6697 6707 6735 6753 6776 6785 6813 6860 6887 6888 6918 6931 6974 6992 7003 7017 7025 7066 7071 7073 7103 7134 7165 7193 7225 7226 7228 7245 7254 7311 7336 7379 7390 7421 7438 7450 7485 7496 7544 7545 7547 7551 7582 7592 7609 7617 7619 7629 7668 7673 7781 7815 7824 7843 7857 7862 7874 7882 7893 7960 7970 7994 7995 8001 8017 8036 8046 8085 8109 8114 8129 8143 8151 8153 8189 8202 8314 8316 8321 8332 8340 8357 8362 8422 8436 8441 8461 8497 8498 8543 8556 8578 8589 8618 8635 8638 8666 8708 8720 8728 8736 8828 8851 8857 8895 8913 8941 8953 8957 8975 8990 9015 9030 9032 9035 9053 9062 9095 9098 9411 9441 9485 9486 9503 9536 9596 9606 9615 9617 9630 9632 9638 9645 9651 9652 9669 9671 9679 9691 9701 9705 9711 9723 9726 9727 9740 9754 9757 9761 9770 9771 9788 9796 9798 9801 9813 9831 9832 9843 9847 9853 9866 9873 9887 9907 9908 9912 9914 9936 9937 9938 9955 9963 9971 9972 9973 9976 9980 9988 9995 9996 10002 10007 10009 10012 10013 10022 10023 10027 10033 10055 10056 10061 10070 10072 10073 10076 10083 10087 10103 10108 10109 10110 10112 10113 10114 10119 10121 10130 10141 10145 10150 10154 10155 10158 10161 10162 10164 10165 10169 10170 10187 10190 10193 10196 10201 10204 10205 10219 10226 10229 10239 10242 10250 10256 10265 10268 10284 10287 10290 10294 10299 10300 10306 10313 10332 10336 10355 10358 10370 10374 10375 10376 10381 10386 10391 10406 10408 10411 10412 10435 10436 10439 10440 10451 10454 10455 10458 10463 10468 10479 10491 10492 10499 10513 10517 10520 10521 10529 10540 10545 10549 10553 10560 10563 10569 10572 10575 10584 10589 10600 10610 10611 10612 10614 10632 10635 10638 10645 10658 10672 10678 10692 10693 10715 10733 10746 10755 10756 10761 10766 10789 10800 10816 10817 10818 10829 10832 10833 10835 10840 10847 10873 10881 10903 
	}
	weather={
	}
}
