
strategic_region={
	id=19
	name="STRATEGICREGION_19"
	provinces={
		16 18 70 80 178 182 287 353 381 414 417 470 474 504 531 546 573 638 654 670 689 732 758 766 874 920 937 950 957 1040 1080 1085 1092 1104 1122 1210 1283 1310 1347 1352 1356 1416 1435 1514 1539 1614 1623 1636 1640 1681 1746 1754 1776 1872 1890 1966 2075 2099 2182 2189 2205 2207 2235 2243 2249 2271 2365 2411 2417 2459 2501 2552 2598 2604 2687 2732 2748 2754 2775 2781 2978 3024 3039 3053 3054 3068 3089 3154 3168 3201 3248 3273 3309 3346 3350 3441 3470 3479 3526 3533 3550 3555 3597 3690 3797 3866 3917 3919 3942 3964 3981 4069 4075 4123 4152 4201 4247 4263 4282 4317 4469 4524 4564 4599 4653 4659 4664 4683 4741 4763 4765 4876 4882 4926 4929 4998 5013 5103 5303 5321 5382 5446 5527 5543 5628 5682 5785 5791 5873 5918 5958 5981 5982 6070 6099 6123 6219 6229 6245 6342 6410 6466 6474 6581 6593 6617 6628 6641 6656 6713 6796 6826 6839 6858 6865 6889 6956 6977 6981 7032 7138 7156 7207 7241 7273 7346 7393 7416 7430 7459 7557 7569 7842 7877 7924 7945 7963 8007 8104 8118 8132 8187 8192 8218 8252 8336 8413 8423 8424 8455 8508 8517 8563 8581 8636 8716 8764 8780 8793 8860 8921 8935 9036 9067 12433 12436 12445 12447 12454 12456 12457 12458 12459 12462 12465 12472 12486 12491 12496 12500 12502 12505 12511 12515 12517 12521 12530 12536 12541 12547 12549 12553 12554 12557 12567 12568 12571 12573 12574 12575 12576 12578 12587 12598 12605 12606 12608 12611 12612 12624 12626 12630 12633 12634 12637 12641 12642 12643 12644 12647 12651 12660 12668 12669 12678 12681 12684 12688 12692 12695 12708 12716 12718 15874 16504 16668 17720 17721 17722 17723 17736 17739 17751 17752 17753 17811 
	}
	weather={
	}
}
