
strategic_region={
	id=2
	name="STRATEGICREGION_2"
	provinces={
		22 29 36 82 123 135 142 165 187 227 229 282 313 326 358 369 407 449 453 459 477 489 514 559 574 589 599 611 615 637 641 714 729 734 736 741 744 751 761 803 811 817 825 827 836 839 841 856 865 886 903 906 909 924 943 964 978 984 990 1013 1015 1067 1079 1107 1127 1141 1172 1182 1194 1196 1227 1230 1255 1312 1320 1323 1363 1366 1367 1383 1412 1486 1491 1501 1520 1540 1545 1556 1563 1607 1639 1654 1661 1663 1664 1665 1686 1735 1737 1752 1755 1756 1824 1852 1861 1882 1905 1910 1953 1965 1986 2004 2029 2063 2068 2094 2114 2132 2136 2140 2145 2169 2174 2175 2180 2204 2255 2291 2292 2314 2326 2330 2338 2375 2399 2420 2423 2436 2448 2453 2469 2470 2494 2505 2509 2510 2530 2583 2601 2631 2639 2652 2662 2707 2713 2718 2728 2746 2760 2762 2765 2767 2795 2836 2837 2922 2936 2950 2997 3043 3071 3084 3101 3120 3131 3160 3165 3183 3209 3232 3254 3265 3276 3283 3302 3305 3387 3409 3414 3422 3426 3442 3448 3451 3477 3478 3480 3525 3531 3553 3577 3630 3631 3659 3672 3678 3682 3709 3712 3748 3751 3757 3785 3815 3820 3824 3829 3830 3834 3837 3845 3888 3893 3895 3903 3915 3923 3944 3976 3986 3995 4017 4037 4065 4081 4095 4116 4136 4172 4190 4223 4229 4244 4271 4287 4304 4314 4345 4350 4353 4355 4361 4379 4392 4445 4453 4459 4464 4479 4496 4508 4547 4551 4574 4579 4605 4626 4642 4663 4672 4684 4702 4723 4754 4757 4792 4795 4824 4828 4857 4900 4906 4907 4932 4947 4951 4962 4963 4967 4979 5017 5049 5064 5071 5117 5164 5182 5185 5189 5201 5203 5221 5228 5239 5309 5312 5316 5317 5335 5338 5343 5372 5381 5394 5400 5411 5440 5448 5465 5475 5484 5510 5555 5566 5573 5592 5600 5627 5640 5668 5703 5717 5721 5784 5788 5809 5815 5846 5847 5849 5865 5867 5892 5907 5944 5979 5983 6025 6039 6042 6043 6044 6045 6058 6063 6065 6081 6085 6093 6131 6143 6185 6233 6247 6248 6250 6265 6313 6331 6338 6346 6392 6399 6423 6468 6504 6510 6512 6516 6525 6532 6573 6611 6627 6633 6639 6657 6662 6666 6673 6675 6692 6703 6741 6808 6811 6818 6851 6857 6884 6885 6906 6923 6939 7005 7008 7021 7027 7039 7046 7054 7065 7084 7093 7096 7106 7111 7140 7146 7155 7157 7158 7159 7176 7184 7191 7206 7244 7264 7292 7300 7305 7321 7332 7337 7343 7351 7354 7361 7366 7367 7382 7400 7408 7410 7425 7455 7476 7478 7499 7526 7535 7554 7573 7587 7604 7611 7637 7641 7682 7687 7690 7694 7750 7770 7772 7783 7801 7819 7853 7856 7864 7886 7890 7905 7914 7915 7920 7926 7939 7947 7948 7966 8014 8016 8019 8021 8040 8054 8056 8058 8072 8083 8087 8099 8127 8135 8164 8183 8193 8194 8257 8282 8286 8303 8307 8326 8346 8349 8360 8366 8375 8385 8391 8392 8393 8420 8421 8429 8435 8439 8462 8473 8476 8484 8503 8509 8553 8574 8596 8617 8623 8637 8641 8645 8656 8657 8662 8669 8683 8688 8711 8723 8757 8758 8778 8787 8794 8818 8829 8832 8852 8877 8898 8910 8919 8931 8940 8958 8973 8989 8991 8999 9010 9019 9021 9054 9073 9085 9090 10804 10850 10852 10880 10882 10886 10908 10909 10916 10917 10920 10932 10947 10948 10951 10954 10966 10967 10971 10979 10986 10991 10993 10997 10999 11005 11017 11021 11022 11034 11045 11046 11049 11051 11055 11066 11067 11072 11083 11091 11093 11097 11104 11107 11111 11112 11113 11120 11124 11132 11141 11142 11143 11145 11146 11150 11151 11153 11154 11162 11171 11176 11178 11193 11210 11212 11214 11223 11224 11231 11234 11235 11244 11245 11254 11263 11264 11265 11267 11283 11288 11289 11290 11294 11299 11300 11301 11306 11324 11326 11327 11328 11329 11334 11335 11336 11337 11338 11351 11373 11375 11379 11381 11385 11387 11388 11389 11393 11398 11404 11407 11409 11425 11426 11427 11429 11441 11445 11453 11458 11460 11464 11469 11472 11475 11492 11494 11504 11508 11515 11520 11525 11535 11536 11537 11542 11543 11545 11550 11553 11554 11555 11561 11568 11571 11586 11588 11591 11592 11595 11604 11610 11614 11622 11626 11629 11634 11638 11644 11650 11651 11658 11669 11677 11681 11683 11684 11685 11688 11689 11700 11701 11703 11704 11714 11715 11731 11738 11748 11755 11757 11767 11769 11775 11779 11781 11783 11787 11800 11806 11809 11812 11817 11818 11825 11831 11841 11842 11859 11867 11872 11875 11883 11886 11890 11897 11904 11908 11910 11911 11912 11914 11916 11923 11931 11933 11935 11936 11943 11952 11955 11956 11962 11965 11970 11984 11993 11998 12001 12008 12032 12046 12058 12074 12075 12078 12111 12116 12157 12161 12187 12248 12264 12306 12314 12363 12390 12405 12444 12930 12931 12932 12934 12935 12940 12974 13069 13121 13125 13157 13197 13201 13222 13254 13267 13277 13305 13308 13331 13360 13382 13400 13413 13416 13422 13427 13441 13451 13585 13638 13720 13724 13742 13759 13778 13793 13796 13800 13804 13810 13864 13866 13928 13950 13967 13973 13988 14010 14079 14106 14109 14142 14146 14214 14239 14245 14247 14254 14293 14294 14298 14323 14359 14381 14394 14395 14398 14409 14422 14428 14431 14433 14446 14450 14455 14460 14466 14486 14489 14506 14507 14517 14531 14536 14622 14623 14640 14654 14658 14688 14691 14727 14747 14784 14786 14791 14811 14814 14818 14821 14824 14880 14899 14901 14906 14923 14944 14959 14962 14987 15015 15017 15026 15034 15037 15047 15050 15056 15059 15063 15073 15092 15095 15098 15120 15134 15167 15180 15203 15432 15433 15434 15436 15438 15440 15441 15442 15445 15446 15447 15449 15452 15454 15475 15484 15489 15490 15491 15521 15665 15845 16369 16444 16603 16664 16707 17371 17456 17462 17465 17466 17809 
	}
	weather={
	}
}
