
strategic_region={
	id=20
	name="STRATEGICREGION_20"
	provinces={
		64 166 171 211 213 250 310 338 339 362 377 392 420 473 492 495 576 591 614 639 663 795 816 901 1027 1051 1061 1069 1103 1112 1144 1147 1154 1197 1201 1238 1263 1282 1319 1358 1406 1409 1410 1544 1602 1628 1684 1698 1708 1728 1774 1854 1858 1934 1936 1940 1956 1971 1991 2028 2035 2049 2081 2093 2107 2134 2161 2364 2374 2394 2403 2415 2437 2439 2489 2492 2502 2512 2576 2648 2667 2683 2738 2784 2785 2787 2800 2801 2812 2816 2830 2841 2846 2850 2857 2884 2917 2929 2945 2962 3019 3049 3143 3150 3239 3242 3280 3284 3327 3336 3372 3408 3425 3428 3445 3502 3517 3547 3579 3628 3670 3675 3681 3692 3715 3743 3777 3819 3857 3918 3931 3932 3961 3994 3997 4066 4090 4100 4154 4155 4174 4219 4236 4241 4242 4246 4252 4254 4284 4301 4308 4310 4319 4326 4366 4397 4415 4455 4583 4597 4619 4785 4864 4890 4972 4983 5002 5105 5159 5191 5384 5406 5483 5512 5544 5619 5661 5714 5715 5733 5745 5795 5808 5843 5854 5980 5991 6010 6014 6015 6027 6034 6048 6095 6127 6132 6153 6154 6159 6162 6231 6273 6274 6315 6341 6385 6436 6447 6451 6463 6470 6524 6538 6585 6588 6606 6623 6640 6658 6664 6702 6739 6779 6872 6875 6978 7074 7081 7085 7136 7152 7162 7183 7217 7230 7324 7327 7334 7340 7357 7392 7398 7422 7456 7475 7489 7577 7581 7624 7630 7655 7663 7675 7695 7696 7712 7728 7771 7795 7836 7845 7865 7867 7896 7941 7944 7957 7964 7980 8005 8062 8063 8084 8095 8163 8186 8210 8230 8264 8269 8300 8370 8443 8472 8548 8597 8738 8744 8790 8799 8801 8824 8908 8915 8976 8995 9018 9029 9052 9055 9099 11948 11968 11974 11983 11986 11991 12005 12006 12013 12014 12017 12031 12037 12042 12049 12052 12053 12067 12068 12070 12083 12085 12088 12091 12096 12097 12101 12109 12112 12120 12122 12125 12135 12148 12150 12160 12163 12174 12176 12178 12184 12186 12191 12195 12205 12207 12211 12214 12224 12228 12229 12234 12235 12237 12238 12243 12246 12247 12254 12258 12259 12261 12267 12270 12274 12277 12280 12282 12284 12289 12292 12293 12296 12301 12305 12307 12310 12311 12313 12316 12319 12324 12330 12333 12337 12353 12358 12360 12364 12367 12370 12373 12374 12376 12379 12380 12382 12388 12392 12393 12404 12410 12411 12412 12419 12420 12422 12423 12425 12434 12435 12437 12451 12453 12460 12467 12468 12475 12481 12487 12497 12501 12503 15855 16107 16126 16340 16426 16428 16458 16538 16638 17576 17577 17578 17586 17587 17589 17596 17606 17607 17611 17613 17619 17621 17627 17633 17648 
	}
	weather={
	}
}
