
strategic_region={
	id=21
	name="STRATEGICREGION_21"
	provinces={
		24 28 30 35 40 46 87 97 109 143 180 210 302 364 379 391 405 421 424 466 511 523 525 529 561 601 605 608 625 627 658 664 720 733 737 780 781 831 850 860 902 911 918 929 969 1022 1028 1032 1054 1064 1065 1114 1140 1152 1170 1191 1241 1243 1260 1308 1335 1357 1364 1368 1369 1392 1422 1429 1436 1495 1524 1549 1557 1579 1594 1598 1637 1644 1667 1695 1704 1722 1758 1763 1768 1787 1832 1848 1849 1881 1888 1959 1974 1998 1999 2018 2023 2027 2050 2060 2067 2073 2109 2110 2135 2149 2178 2191 2192 2208 2213 2220 2231 2273 2344 2348 2352 2400 2406 2430 2432 2445 2474 2477 2486 2490 2526 2536 2573 2585 2590 2600 2606 2626 2653 2684 2710 2736 2741 2768 2772 2797 2806 2813 2859 2921 2928 2933 2963 2979 2988 3004 3018 3028 3032 3045 3055 3093 3106 3111 3126 3127 3144 3175 3180 3245 3287 3295 3347 3362 3364 3379 3399 3406 3407 3419 3453 3490 3544 3546 3581 3599 3601 3606 3619 3657 3662 3683 3687 3696 3737 3747 3809 3823 3826 3912 3946 3983 3999 4051 4064 4068 4078 4080 4110 4127 4131 4143 4145 4204 4218 4225 4248 4266 4277 4290 4312 4323 4325 4327 4331 4333 4338 4344 4372 4390 4404 4417 4450 4482 4485 4488 4495 4501 4536 4565 4570 4585 4601 4608 4612 4620 4632 4646 4690 4700 4701 4726 4756 4760 4776 4778 4802 4805 4822 4854 4855 4856 4867 4883 4884 4885 4898 4908 4923 4924 4935 4937 4964 4976 5010 5020 5028 5038 5062 5083 5085 5097 5102 5172 5202 5204 5208 5225 5233 5236 5244 5254 5276 5279 5304 5306 5311 5323 5325 5339 5351 5353 5368 5369 5413 5471 5481 5525 5535 5536 5540 5550 5564 5575 5578 5586 5593 5594 5607 5608 5680 5704 5710 5740 5758 5777 5780 5799 5800 5826 5827 5832 5933 5950 5962 6005 6022 6028 6074 6082 6086 6094 6101 6117 6125 6134 6147 6148 6150 6158 6167 6202 6209 6217 6249 6288 6293 6294 6299 6310 6312 6321 6329 6355 6358 6374 6389 6391 6456 6497 6519 6530 6557 6568 6589 6618 6661 6672 6674 6710 6714 6772 6783 6792 6795 6819 6825 6836 6867 6886 6898 6900 6925 6928 6953 6966 6983 6991 7002 7030 7053 7055 7058 7095 7109 7118 7151 7161 7164 7173 7198 7208 7250 7257 7282 7283 7308 7313 7316 7325 7335 7358 7362 7374 7375 7384 7396 7426 7428 7434 7461 7462 7472 7480 7503 7523 7539 7550 7561 7563 7565 7635 7649 7658 7671 7681 7683 7700 7734 7739 7741 7759 7763 7782 7799 7808 7852 7863 7876 7879 7883 7898 7949 7962 7982 7990 7996 7997 8003 8026 8030 8060 8091 8105 8117 8121 8123 8128 8176 8220 8238 8250 8291 8296 8309 8313 8334 8348 8372 8377 8382 8394 8400 8406 8409 8410 8417 8453 8468 8479 8510 8533 8569 8575 8588 8592 8607 8621 8629 8634 8642 8644 8651 8680 8697 8702 8707 8726 8755 8783 8791 8802 8807 8826 8838 8855 8859 8880 8881 8928 8945 8961 8979 8983 8985 8994 9007 9037 9040 9041 9045 9050 9082 10688 10725 10764 10771 10807 10813 10825 10849 10868 10874 10879 10883 10896 10905 10907 10940 10944 10960 10974 10985 10988 10996 11016 11028 11032 11035 11050 11054 11056 11064 11074 11078 11080 11082 11102 11106 11109 11110 11126 11127 11137 11139 11144 11164 11174 11175 11180 11181 11185 11188 11191 11199 11200 11209 11213 11216 11226 11227 11239 11243 11249 11256 11271 11272 11275 11282 11287 11295 11297 11302 11305 11307 11308 11313 11316 11317 11318 11319 11331 11340 11343 11348 11349 11353 11354 11362 11363 11364 11367 11371 11378 11390 11391 11401 11403 11405 11406 11408 11432 11433 11439 11444 11446 11452 11455 11463 11467 11468 11471 11490 11493 11496 11517 11522 11523 11524 11527 11530 11534 11538 11539 11544 11546 11558 11559 11565 11566 11567 11570 11572 11573 11578 11580 11582 11585 11587 11593 11598 11603 11606 11608 11613 11616 11620 11625 11627 11628 11632 11643 11646 11647 11648 11649 11654 11655 11656 11662 11667 11671 11674 11675 11676 11682 11690 11691 11697 11698 11699 11706 11713 11718 11719 11723 11725 11727 11733 11734 11735 11736 11740 11741 11746 11750 11751 11753 11754 11758 11762 11766 11771 11774 11784 11791 11793 11796 11797 11804 11810 11815 11820 11821 11823 11824 11826 11830 11834 11837 11838 11845 11848 11850 11856 11866 11869 11874 11879 11888 11895 11907 11909 11918 11921 11925 11927 11928 11929 11930 11945 11950 11954 11957 11963 11967 11976 11990 11999 12000 12009 12012 12015 12016 12025 12033 12041 12047 12063 12069 12072 12073 12077 12081 12082 12086 12089 12103 12107 12108 12124 12138 12142 12147 12152 12175 12183 12199 15628 15652 15880 16031 16086 16097 16109 16241 16371 16493 16565 16599 16630 17209 17323 17338 17343 17350 17352 17353 17360 17365 17366 17810 
	}
	weather={
	}
}
