
strategic_region={
	id=22
	name="STRATEGICREGION_22"
	provinces={
		15600 15615 15687 15719 15730 15748 15757 15763 15781 15783 15826 15860 15869 15909 15943 15981 15982 16025 16033 16053 16063 16094 16111 16134 16146 16153 16192 16228 16229 16238 16251 16312 16316 16334 16335 16447 16471 16519 16552 16572 16583 16586 16602 16628 16635 16639 16643 16697 16699 16706 17370 17379 17382 17384 17386 17391 17406 17408 17409 17417 17418 17419 17420 17422 17426 17427 17430 17434 17437 17440 17443 17446 17454 17455 17460 17464 17467 17471 17473 17474 17477 17479 17485 17486 17492 17493 17495 17498 17501 17509 17514 17516 17520 17522 17527 17531 17542 17545 17547 17554 17555 17557 17561 17562 17564 
	}
	weather={
	}
}
