
strategic_region={
	id=23
	name="STRATEGICREGION_23"
	provinces={
		12936 12937 15593 15604 15610 15612 15614 15616 15631 15633 15648 15650 15658 15666 15688 15691 15694 15698 15709 15734 15741 15744 15749 15758 15778 15780 15784 15786 15790 15791 15797 15798 15802 15807 15816 15832 15833 15840 15841 15850 15866 15870 15875 15879 15891 15896 15898 15904 15908 15913 15915 15916 15918 15920 15922 15924 15928 15932 15939 15952 15957 15967 15976 15988 15999 16001 16006 16013 16021 16023 16028 16036 16043 16044 16050 16056 16058 16064 16070 16075 16081 16082 16083 16088 16089 16101 16108 16112 16113 16135 16139 16178 16184 16189 16190 16214 16215 16230 16232 16237 16245 16257 16258 16276 16288 16290 16291 16294 16295 16299 16302 16303 16311 16313 16319 16321 16327 16329 16330 16350 16364 16367 16368 16378 16379 16380 16386 16387 16391 16401 16404 16405 16415 16417 16423 16434 16448 16452 16468 16477 16481 16487 16498 16506 16510 16520 16527 16531 16534 16547 16550 16554 16556 16566 16573 16574 16577 16605 16625 16627 16647 16648 16649 16655 16658 16669 16681 16702 16712 16721 16738 16739 16757 16758 17482 17487 17490 17494 17497 17499 17500 17502 17504 17505 17506 17508 17512 17513 17515 17517 17518 17519 17521 17523 17525 17528 17529 17530 17532 17533 17534 17535 17536 17537 17539 17540 17541 17543 17544 17548 17549 17550 17551 17552 17553 17556 17559 17560 17563 17565 17566 17567 17568 17569 17570 17571 17572 17573 17574 17579 17580 17581 17583 17585 17590 17591 17592 17593 17594 17595 17597 17598 17599 17600 17601 17602 17603 17605 17608 17609 17610 17612 17614 17615 17616 17617 17618 17620 17622 17623 17624 17625 17628 17629 17630 17631 17632 17634 17635 17636 17637 17638 17639 17640 17641 17642 17643 17644 17645 17646 17647 17650 17651 17652 17653 17654 17655 17656 17657 17658 17659 17660 17661 17662 17663 17664 17665 17666 17667 17668 17669 17670 17671 17673 17675 17676 17677 17678 17680 17681 17682 17683 17685 17687 17688 17689 17691 17692 17693 17694 17695 17696 17697 17698 17699 17700 17701 17702 17704 17705 17706 17707 17708 17709 17711 17712 17713 17714 17716 17717 
	}
	weather={
	}
}
