
strategic_region={
	id=24
	name="STRATEGICREGION_24"
	provinces={
		15589 15590 15598 15602 15608 15620 15630 15635 15637 15638 15649 15663 15674 15675 15686 15695 15713 15714 15742 15743 15746 15752 15761 15771 15773 15774 15776 15777 15787 15793 15796 15820 15862 15876 15883 15886 15887 15892 15899 15901 15907 15926 15930 15959 15968 15970 15973 15977 15985 15996 16008 16011 16045 16052 16071 16073 16093 16103 16122 16131 16132 16137 16142 16205 16220 16227 16234 16240 16252 16253 16254 16264 16267 16268 16269 16270 16274 16278 16287 16320 16323 16346 16347 16356 16376 16377 16381 16382 16385 16389 16410 16419 16422 16427 16439 16449 16480 16516 16526 16542 16557 16564 16570 16584 16609 16634 16641 16644 16646 16672 16695 16718 16725 16727 16731 16742 16754 16861 16863 16864 16865 16866 16868 16869 16870 16871 16873 16874 16875 16876 16877 16878 16879 16880 16881 16882 16883 16884 16885 16886 16887 16888 16889 16890 16891 16892 16893 16894 16895 16896 16897 16898 16899 16900 16902 16903 16904 16906 16907 16908 16911 16912 16913 16914 16915 16916 16918 16919 16920 16921 16923 16925 16926 16927 16928 16929 16932 16933 16934 16935 16936 16937 16938 16939 16940 16941 16942 16943 16944 16945 16946 16947 16950 16951 16953 16954 16957 16958 16960 16961 16962 16963 16964 16966 16977 
	}
	weather={
	}
}
