
strategic_region={
	id=25
	name="STRATEGICREGION_25"
	provinces={
		15599 15609 15623 15624 15627 15634 15647 15653 15654 15672 15679 15683 15690 15693 15702 15707 15718 15733 15753 15768 15789 15792 15803 15804 15805 15806 15821 15824 15830 15849 15873 15897 15910 15931 15944 15960 15962 15971 15986 15991 15997 16002 16005 16007 16009 16016 16029 16034 16054 16060 16068 16123 16125 16127 16133 16144 16151 16173 16175 16176 16180 16197 16200 16210 16222 16233 16246 16249 16255 16256 16281 16282 16285 16300 16304 16306 16317 16331 16337 16352 16374 16400 16409 16450 16453 16461 16464 16469 16474 16502 16517 16524 16536 16588 16594 16604 16617 16619 16631 16642 16662 16670 16676 16685 16698 16700 16708 16719 16726 16734 16756 16905 16910 16917 16922 16924 16931 16949 16952 16955 16956 16959 16965 16969 16970 16974 16975 16978 16980 16986 16993 16994 16997 17001 17002 17005 17013 17015 17024 17027 17030 17031 17036 17037 17043 17044 17046 17051 17055 17059 17063 17066 17073 17075 17076 17077 17080 17084 17085 17087 17091 17096 17098 17099 17100 17103 17104 17105 17106 17112 17117 17118 17120 17122 17125 17133 17136 17137 17140 17143 17145 17146 17151 17157 17158 17161 17167 17171 
	}
	weather={
	}
}
