
strategic_region={
	id=26
	name="STRATEGICREGION_26"
	provinces={
		15596 15632 15639 15657 15671 15676 15678 15711 15723 15726 15727 15728 15729 15740 15751 15759 15762 15769 15782 15801 15831 15834 15846 15859 15867 15877 15881 15889 15890 15894 15914 15919 15933 15935 15936 15984 16000 16015 16018 16032 16035 16042 16048 16062 16065 16067 16069 16084 16120 16129 16155 16156 16165 16171 16183 16185 16187 16196 16201 16213 16217 16242 16250 16275 16305 16333 16341 16349 16354 16363 16395 16398 16408 16446 16457 16472 16495 16507 16543 16585 16636 16659 16679 16683 16690 16694 16703 16715 16729 16752 16753 16967 16968 16971 16973 16976 16981 16982 16983 16984 16987 16988 16989 16990 16992 16995 16996 16999 17000 17003 17004 17006 17007 17008 17009 17010 17011 17012 17014 17017 17018 17019 17020 17021 17023 17025 17026 17028 17029 17032 17033 17034 17035 17038 17040 17041 17042 17045 17047 17048 17049 17050 17052 17053 17054 17056 17057 17058 17060 17061 17062 17064 17067 
	}
	weather={
	}
}
