
strategic_region={
	id=27
	name="STRATEGICREGION_27"
	provinces={
		15646 15668 15680 15708 15754 15764 15770 15817 15856 15878 15929 15963 15972 15987 16014 16104 16121 16136 16140 16167 16186 16209 16248 16259 16261 16263 16286 16308 16332 16348 16357 16365 16372 16390 16399 16466 16475 16515 16523 16525 16551 16568 16597 16598 16629 16674 16688 16704 16741 17166 17170 17174 17176 17178 17182 17186 17188 17189 17192 17195 17197 17198 17199 17201 17202 17205 17206 17208 17211 17213 17214 17216 17217 17220 17221 17223 17224 17225 17228 17231 17233 17234 17235 17236 17237 17239 17240 17243 
	}
	weather={
	}
}
