
strategic_region={
	id=28
	name="STRATEGICREGION_28"
	provinces={
		21 45 74 103 107 147 179 194 245 336 348 375 380 395 411 429 435 442 448 480 481 488 490 629 644 685 717 719 739 740 784 861 875 891 927 939 974 1000 1050 1053 1083 1102 1108 1138 1167 1180 1226 1269 1285 1388 1411 1415 1425 1430 1463 1471 1483 1490 1515 1577 1587 1597 1603 1611 1631 1652 1685 1689 1691 1740 1808 1816 1840 1856 1896 1915 1929 1996 2008 2019 2082 2102 2113 2123 2138 2143 2160 2280 2325 2350 2360 2367 2441 2497 2515 2533 2581 2588 2594 2596 2602 2630 2649 2672 2679 2716 2719 2729 2766 2791 2818 2826 2849 2851 2856 2873 2890 2891 2902 2912 2919 3023 3040 3063 3087 3105 3125 3182 3226 3228 3250 3267 3286 3289 3340 3356 3370 3392 3405 3410 3420 3429 3444 3476 3481 3483 3487 3532 3539 3563 3567 3571 3578 3612 3634 3655 3673 3707 3713 3726 3750 3754 3769 3798 3817 3859 3887 3908 3928 3947 3954 3973 4004 4019 4020 4038 4040 4048 4093 4105 4150 4165 4202 4206 4209 4273 4293 4307 4382 4403 4408 4480 4491 4493 4494 4520 4523 4527 4534 4540 4541 4549 4607 4635 4638 4650 4668 4692 4712 4720 4747 4755 4833 4840 4844 4849 4853 4858 4862 4863 4870 4872 4877 4955 4980 5021 5026 5030 5063 5075 5076 5077 5092 5093 5104 5116 5118 5122 5131 5146 5156 5165 5173 5180 5184 5190 5211 5215 5217 5231 5234 5293 5295 5345 5363 5377 5392 5399 5402 5432 5464 5468 5479 5498 5505 5520 5548 5589 5595 5616 5631 5665 5672 5677 5701 5706 5716 5741 5762 5798 5848 5851 5870 5878 5880 5893 5895 5909 5935 5945 5976 5988 5996 6024 6064 6072 6133 6146 6164 6205 6206 6213 6220 6240 6252 6259 6266 6278 6284 6285 6330 6332 6347 6360 6361 6363 6382 6384 6388 6390 6409 6412 6419 6427 6434 6438 6441 6446 6450 6478 6479 6481 6488 6491 6509 6526 6528 6537 6541 6542 6545 6569 6576 6578 6608 6620 6644 6646 6648 6653 6678 6681 6684 6701 6711 6720 6727 6732 6737 6752 6763 6781 6806 6807 6809 6834 6842 6847 6852 6861 6871 6873 6909 6914 6932 6942 6948 6955 6963 6972 6987 6990 6996 7026 7028 7067 7077 7122 7142 7170 7195 7205 7246 7249 7272 7281 7293 7297 7299 7338 7342 7350 7352 7395 7397 7419 7433 7435 7439 7452 7453 7500 7506 7575 7578 7580 7601 7603 7639 7657 7670 7713 7723 7730 7752 7776 7787 7790 7816 7821 7858 7895 7897 7903 7913 7927 8010 8032 8038 8042 8049 8050 8089 8162 8169 8207 8229 8231 8232 8235 8276 8292 8337 8345 8365 8373 8378 8380 8381 8414 8426 8431 8438 8444 8445 8458 8460 8478 8496 8505 8506 8511 8527 8528 8531 8535 8545 8566 8570 8571 8586 8587 8606 8611 8628 8633 8655 8703 8710 8715 8729 8735 8750 8770 8771 8772 8776 8809 8813 8830 8865 8867 8887 8924 8943 8950 8960 8969 8993 8998 9000 9072 9084 9097 9985 9986 10041 10046 10062 10077 10104 10122 10124 10125 10131 10142 10151 10157 10171 10175 10177 10188 10191 10227 10232 10240 10243 10252 10266 10271 10279 10285 10291 10302 10307 10314 10321 10322 10333 10337 10338 10339 10341 10346 10356 10364 10382 10387 10392 10393 10399 10405 10413 10414 10420 10428 10433 10434 10437 10442 10448 10456 10464 10469 10471 10472 10473 10500 10501 10502 10506 10509 10510 10514 10522 10524 10525 10530 10532 10533 10538 10544 10546 10550 10555 10556 10558 10567 10577 10581 10585 10595 10602 10603 10604 10613 10615 10622 10623 10624 10628 10629 10630 10633 10636 10639 10640 10649 10651 10659 10660 10668 10669 10674 10675 10676 10686 10687 10694 10695 10696 10697 10705 10706 10709 10710 10711 10712 10716 10726 10731 10734 10739 10743 10744 10748 10749 10757 10758 10763 10767 10768 10769 10777 10778 10783 10785 10786 10790 10792 10794 10795 10801 10809 10810 10811 10812 10819 10820 10821 10830 10839 10841 10848 10851 10855 10861 10871 10877 10878 10888 10891 10895 10899 10900 10904 10906 10911 10923 10924 10931 10936 10943 10955 10956 10958 10959 10963 10973 10978 10982 10983 10984 10987 10990 10994 11012 11020 11023 11025 11026 11027 11038 11039 11040 11053 11059 11076 11077 11079 11085 11101 11123 11148 11157 11163 11170 11202 11260 15828 16195 16484 16637 16661 16705 16720 17113 17196 17229 17241 17242 17246 17248 17257 17808 
	}
	weather={
	}
}
