
strategic_region={
	id=29
	name="STRATEGICREGION_29"
	provinces={
		14 37 65 98 99 117 150 151 184 198 232 252 255 280 304 325 359 368 408 468 482 496 512 528 536 565 572 585 607 623 653 681 692 698 700 702 706 727 747 765 776 806 812 833 890 907 908 968 981 1005 1011 1026 1042 1048 1059 1084 1095 1096 1098 1125 1142 1171 1185 1187 1188 1195 1199 1202 1216 1222 1246 1262 1287 1311 1321 1340 1351 1372 1373 1379 1393 1426 1485 1488 1510 1516 1567 1596 1633 1648 1672 1696 1760 1785 1802 1812 1815 1820 1829 1835 1837 1865 1909 1914 1926 1963 1973 1981 2000 2030 2031 2032 2040 2074 2206 2277 2279 2304 2311 2328 2341 2356 2373 2379 2380 2395 2408 2438 2446 2471 2488 2493 2499 2516 2525 2549 2562 2569 2574 2609 2622 2645 2659 2695 2745 2753 2761 2789 2810 2823 2848 2869 2875 2879 2910 2915 2918 2939 2941 2957 2968 2985 3010 3011 3016 3021 3033 3062 3065 3073 3076 3079 3085 3088 3112 3135 3148 3196 3217 3219 3225 3229 3233 3246 3296 3303 3318 3324 3326 3331 3349 3358 3360 3369 3381 3386 3395 3397 3412 3430 3435 3437 3450 3462 3491 3492 3500 3554 3565 3587 3589 3594 3598 3623 3633 3684 3724 3727 3729 3732 3735 3796 3846 3849 3856 3861 3870 3907 3934 3956 3975 3984 3989 3996 4007 4011 4029 4041 4088 4101 4103 4108 4130 4161 4164 4167 4171 4173 4180 4186 4200 4255 4270 4295 4313 4330 4398 4399 4406 4409 4416 4422 4426 4434 4437 4452 4474 4498 4514 4537 4587 4598 4629 4679 4688 4733 4806 4827 4847 4895 4911 4919 4922 4928 4936 4943 4968 4973 4986 4988 5005 5016 5018 5037 5047 5166 5170 5192 5193 5197 5213 5222 5255 5262 5269 5291 5319 5328 5367 5404 5435 5452 5459 5467 5472 5487 5496 5526 5537 5583 5612 5629 5679 5696 5697 5719 5722 5746 5805 5807 5813 5819 5837 5838 5840 5844 5861 5866 5922 5934 5952 5955 5973 5987 6000 6061 6073 6112 6180 6215 6218 6253 6254 6260 6292 6300 6301 6304 6307 6320 6370 6393 6422 6473 6486 6534 6552 6556 6560 6614 6622 6649 6659 6680 6691 6717 6742 6765 6768 6770 6793 6802 6810 6864 6869 6902 6907 6922 6961 6964 7014 7072 7097 7113 7115 7117 7123 7125 7128 7188 7196 7200 7201 7280 7291 7391 7404 7415 7445 7473 7484 7495 7504 7542 7591 7618 7621 7640 7648 7667 7703 7717 7718 7740 7745 7757 7786 7792 7794 7810 7830 7846 7847 7854 7868 7881 7932 7940 7956 7972 7974 7991 8000 8031 8052 8066 8067 8090 8102 8134 8146 8154 8167 8180 8197 8253 8256 8270 8293 8301 8328 8379 8396 8399 8401 8437 8470 8477 8481 8487 8489 8519 8520 8526 8529 8538 8554 8573 8585 8599 8604 8630 8631 8646 8684 8718 8742 8748 8753 8760 8808 8820 8823 8842 8882 8923 8977 8980 9003 9009 9096 9128 9129 9130 9131 9134 9136 9137 9138 9139 9141 9143 9145 9149 9154 9155 9158 9162 9167 9168 9169 9171 9177 9180 9184 9188 9190 9199 9201 9204 9212 9214 9215 9216 9220 9221 9228 9234 9247 9248 9250 9256 9261 9273 9279 9281 9293 9295 9304 9305 9308 9311 9317 9318 9323 9328 9333 9335 9338 9340 9343 9345 9348 9356 9357 9362 9363 9367 9368 9371 9373 9380 9381 9391 9392 9393 9395 9396 9399 9400 9404 9407 9413 9420 9421 9424 9438 9442 9444 9445 9456 9460 9466 9470 9471 9472 9479 9480 9483 9484 9488 9492 9493 9504 9509 9510 9513 9514 9522 9523 9537 9538 9542 9543 9547 9549 9560 9563 9570 9575 9578 9579 9582 9583 9591 9593 9594 9599 9608 9612 9619 9620 9623 9625 9628 9633 9635 9653 9655 9659 9666 9674 9677 9682 9684 9702 9703 9710 9716 9728 9733 9734 9735 9736 9741 9747 9753 9756 9764 9765 9772 9773 9797 9799 9802 9805 9814 9835 9838 9839 9842 9854 9855 9857 9858 9872 9884 9888 9892 9899 9913 9916 9921 9924 9925 9939 9943 9944 9964 9981 9982 9990 10010 10014 10074 13033 13072 13080 13087 13113 13257 13287 13328 13392 13575 13660 13696 13736 13782 13830 13837 13886 13933 13946 14026 14083 14085 14118 14159 14184 14195 14207 14232 14303 14308 14339 14364 14437 14503 14586 14594 14609 14648 14675 14771 14896 14989 15046 15090 15138 15195 15212 15269 15282 15290 15291 15296 15297 15299 15311 15314 15322 15324 15330 15333 16225 
	}
	weather={
	}
}
