
strategic_region={
	id=30
	name="STRATEGICREGION_30"
	provinces={
		4 43 56 69 75 93 95 106 111 116 146 175 188 218 290 291 297 308 312 315 334 340 347 352 360 372 383 422 447 472 475 508 519 526 532 533 541 543 545 554 562 570 581 595 617 626 628 759 774 855 858 864 867 876 898 899 910 919 926 932 935 988 989 992 1039 1043 1070 1082 1089 1111 1119 1192 1206 1233 1252 1258 1261 1278 1280 1292 1314 1325 1334 1365 1449 1466 1468 1472 1496 1534 1541 1595 1638 1655 1660 1669 1674 1703 1716 1770 1792 1805 1807 1822 1844 1869 1876 1878 1880 1891 1892 1893 1935 1968 1987 2001 2010 2020 2053 2071 2072 2095 2101 2117 2127 2158 2195 2203 2219 2236 2275 2286 2303 2385 2401 2427 2433 2450 2455 2461 2467 2468 2503 2523 2529 2541 2548 2563 2566 2595 2605 2611 2637 2651 2678 2696 2742 2747 2759 2793 2808 2880 2958 2966 2969 3009 3072 3075 3078 3097 3139 3157 3163 3184 3188 3230 3231 3234 3243 3256 3342 3344 3351 3357 3434 3454 3471 3488 3506 3528 3570 3572 3592 3610 3614 3626 3648 3710 3717 3744 3766 3771 3787 3790 3805 3807 3808 3818 3828 3900 3909 3967 3977 3979 4028 4036 4043 4058 4062 4077 4141 4189 4197 4205 4231 4300 4302 4305 4321 4356 4418 4421 4447 4478 4489 4531 4562 4576 4625 4658 4681 4691 4698 4719 4722 4728 4769 4770 4779 4797 4808 4812 4813 4843 4851 4891 4970 5024 5044 5051 5078 5082 5084 5088 5090 5106 5135 5141 5187 5198 5263 5274 5285 5337 5341 5349 5357 5370 5385 5408 5415 5457 5466 5490 5503 5518 5523 5553 5558 5610 5626 5653 5656 5688 5713 5728 5732 5751 5757 5771 5803 5856 5879 5881 5883 5906 5938 5947 5975 5989 6019 6033 6056 6062 6069 6092 6107 6118 6172 6176 6183 6204 6243 6281 6290 6308 6336 6339 6340 6354 6367 6369 6380 6404 6513 6533 6535 6549 6610 6615 6682 6722 6730 6762 6800 6824 6881 6920 6949 6950 6965 7019 7098 7112 7153 7179 7213 7231 7255 7263 7265 7275 7288 7319 7339 7370 7442 7458 7498 7510 7564 7574 7633 7644 7666 7674 7719 7744 7804 7851 7871 7899 7900 7904 7907 7912 7919 7933 7955 7959 8002 8011 8044 8073 8149 8165 8201 8262 8266 8297 8324 8335 8358 8363 8364 8389 8405 8425 8447 8464 8471 8491 8502 8537 8541 8555 8590 8591 8605 8615 8647 8667 8679 8747 8759 8765 8773 8781 8784 8785 8814 8827 8853 8862 8878 8892 8939 8954 8971 9001 9042 9070 9074 9152 9164 9165 9166 9170 9172 9182 9185 9186 9187 9191 9193 9195 9196 9203 9205 9207 9209 9213 9217 9224 9227 9230 9232 9235 9241 9242 9243 9249 9252 9253 9259 9262 9263 9264 9269 9277 9282 9287 9288 9291 9294 9296 9298 9306 9309 9319 9324 9325 9329 9331 9336 9339 9351 9352 9358 9359 9364 9374 9375 9377 9379 9384 9385 9386 9397 9398 9401 9405 9408 9412 9416 9422 9425 9431 9435 9443 9449 9450 9461 9468 9476 9481 9482 9487 9494 9498 9508 9511 9515 9524 9533 9539 9544 9545 9548 9550 9551 9552 9554 9561 9568 9572 9573 9576 9584 9589 9600 9601 9607 9609 9610 9626 9629 9631 9636 9639 9646 9658 9664 9665 9667 9668 9672 9685 9692 9696 9697 9708 9712 9717 9718 9724 9725 9729 9737 9738 9755 9759 9763 9774 9775 9778 9789 9803 9806 9816 9817 9828 9833 9844 9862 9863 9876 9885 9905 9909 9946 9967 9968 9993 9997 10020 10024 10042 10115 10139 12973 13041 13054 13098 13137 13149 13159 13238 13250 13258 13306 13333 13482 13488 13489 13495 13497 13525 13577 13589 13608 13645 13717 13726 13801 13825 13828 13829 13833 13901 13909 13958 13977 14004 14068 14082 14133 14153 14176 14199 14220 14261 14306 14327 14334 14341 14356 14397 14454 14493 14526 14590 14601 14614 14620 14633 14674 14712 14759 14838 14844 14849 14921 14953 14964 14965 14998 15000 15028 15069 15089 15123 15132 15193 15199 15308 15313 15318 15325 15332 15335 15337 15338 15344 15345 15349 15350 15352 15353 15636 15662 15863 15893 15912 15961 15989 16010 16138 16147 16279 16373 16433 16500 16559 16596 16616 16633 16687 16693 16737 16743 16750 16801 16804 16806 16808 16809 16816 16822 16823 16825 16828 16829 16831 16833 16835 16837 16838 
	}
	weather={
	}
}
