
strategic_region={
	id=31
	name="STRATEGICREGION_31"
	provinces={
		12901 12916 12947 12952 12960 12970 12971 12976 12986 12987 12989 12993 12998 13000 13008 13013 13015 13016 13019 13025 13027 13036 13037 13042 13045 13046 13059 13063 13066 13070 13075 13077 13078 13086 13089 13100 13106 13108 13109 13116 13124 13128 13130 13131 13132 13133 13136 13138 13144 13145 13148 13152 13154 13160 13161 13164 13166 13167 13168 13170 13180 13184 13187 13189 13200 13204 13207 13208 13210 13211 13212 13214 13216 13219 13220 13226 13227 13229 13231 13233 13234 13246 13251 13265 13268 13280 13286 13298 13300 13301 13311 13317 13327 13330 13334 13335 13338 13339 13340 13343 13357 13369 13371 13374 13376 13377 13379 13387 13403 13409 13412 13421 13428 13430 13435 13436 13439 13444 13448 13449 13459 13469 13470 13474 13480 13483 13485 13494 13501 13503 13507 13508 13512 13517 13523 13531 13532 13535 13540 13541 13544 13552 13555 13556 13558 13561 13562 13564 13568 13571 13578 13580 13583 13599 13600 13602 13603 13604 13605 13609 13615 13620 13633 13644 13652 13654 13656 13661 13666 13668 13669 13674 13686 13687 13689 13692 13693 13701 13727 13729 13730 13731 13737 13739 13741 13746 13747 13748 13749 13752 13753 13760 13772 13773 13775 13777 13783 13787 13794 13798 13803 13808 13811 13818 13820 13827 13841 13851 13854 13858 13861 13868 13877 13880 13883 13888 13894 13895 13910 13913 13918 13920 13923 13925 13929 13931 13940 13942 13945 13951 13955 13957 13976 13985 13987 13993 13996 14007 14011 14016 14020 14021 14034 14040 14042 14045 14048 14051 14069 14070 14077 14080 14084 14087 14102 14116 14119 14140 14149 14150 14181 14186 14191 14198 14226 14229 14231 14235 14237 14244 14262 14266 14279 14299 14300 14301 14305 14315 14336 14353 14355 14360 14362 14363 14369 14379 14380 14382 14389 14393 14399 14402 14403 14405 14414 14419 14423 14442 14449 14459 14465 14476 14487 14488 14496 14497 14501 14515 14516 14522 14527 14529 14533 14535 14541 14546 14547 14548 14551 14555 14556 14558 14559 14563 14572 14574 14584 14596 14604 14621 14645 14652 14661 14669 14673 14687 14689 14705 14707 14709 14716 14722 14725 14726 14729 14732 14733 14734 14740 14742 14749 14750 14751 14753 14757 14760 14762 14766 14789 14793 14800 14805 14809 14823 14829 14835 14836 14841 14842 14846 14857 14861 14862 14865 14866 14867 14872 14877 14884 14890 14910 14928 14936 14937 14938 14960 14980 14983 14984 14985 15001 15002 15003 15004 15006 15008 15016 15018 15021 15045 15053 15054 15055 15058 15080 15088 15100 15105 15110 15113 15117 15121 15125 15137 15144 15148 15153 15154 15158 15170 15172 15176 15201 15202 15205 15217 15218 15219 15220 15221 15222 15225 15226 15227 15228 15230 15232 15233 15234 15238 15241 15242 15246 15248 15250 15251 15252 15256 15257 15259 15260 15262 15267 15271 15274 15276 15277 15279 15280 15281 15283 15286 15287 15288 15292 15294 15298 15306 15312 15315 15316 15336 15340 15356 15358 15360 15362 15365 15366 
	}
	weather={
	}
}
