
strategic_region={
	id=32
	name="STRATEGICREGION_32"
	provinces={
		15591 15595 15607 15611 15618 15621 15626 15651 15660 15664 15670 15684 15712 15735 15750 15779 15794 15836 15842 15843 15847 15852 15864 15872 15882 15921 15927 15945 15948 15956 15958 15965 15980 15990 16049 16057 16079 16090 16096 16100 16110 16119 16158 16159 16160 16169 16170 16177 16181 16204 16208 16218 16224 16235 16236 16244 16260 16280 16296 16301 16310 16315 16318 16322 16343 16345 16358 16359 16362 16375 16388 16393 16402 16406 16429 16431 16438 16440 16454 16470 16486 16489 16490 16491 16494 16497 16499 16509 16512 16513 16514 16518 16522 16528 16560 16561 16562 16563 16575 16580 16592 16606 16608 16613 16618 16640 16650 16663 16666 16677 16678 16680 16682 16691 16710 16711 16717 16723 16724 16735 16744 16746 16747 16749 16755 16759 16765 16771 16773 16778 16779 16780 16784 16785 16786 16787 16788 16789 16790 16791 16792 16794 16796 16797 16802 16826 16836 16842 16844 16845 16846 16847 16848 16849 16852 16853 16855 16857 16858 16859 16860 16862 16901 16909 16930 16948 16972 16979 16985 16991 16998 17016 17022 17039 17086 17101 17107 17111 17131 17148 17175 17179 17185 17203 17207 17215 17219 17252 17265 17273 17289 17292 17310 17316 17321 17325 17337 17367 17381 17389 17394 17401 17411 17424 17432 17441 17449 17452 17459 17478 17483 17489 17510 17538 17588 17604 17626 17674 17684 17690 17703 17710 17715 17718 17719 17724 17725 17727 17728 17735 17738 17741 17748 17749 17750 17754 17755 17756 17759 17778 17779 17781 17785 17786 17787 17790 17791 17793 17799 17800 17804 
	}
	weather={
	}
}
