
strategic_region={
	id=33
	name="STRATEGICREGION_33"
	provinces={
		12933 15592 15594 15619 15640 15641 15644 15696 15721 15738 15747 15795 15822 15837 15838 15851 15868 15888 15903 15925 15937 15940 15947 15949 15995 16004 16012 16024 16041 16047 16055 16072 16076 16106 16117 16150 16164 16203 16207 16226 16265 16289 16298 16326 16383 16396 16403 16411 16421 16437 16455 16459 16478 16496 16505 16546 16553 16567 16569 16579 16587 16620 16653 16673 16675 16684 16689 16692 16736 17245 17251 17253 17255 17256 17261 17262 17263 17264 17266 17267 17268 17271 17272 17275 17276 17277 17281 17283 17285 17286 17287 17290 17296 17297 17301 17304 17306 17314 17318 17339 17344 17346 17347 17348 17349 17351 17354 17358 17359 17362 17363 17372 17375 17376 17378 17385 17388 17392 17396 17399 17400 
	}
	weather={
	}
}
