
strategic_region={
	id=34
	name="STRATEGICREGION_34"
	provinces={
		15629 15645 15656 15659 15669 15673 15682 15685 15700 15703 15705 15706 15710 15755 15760 15766 15772 15812 15823 15827 15844 15853 15854 15934 15938 15942 15950 15951 15964 15969 15975 15983 15993 16020 16022 16051 16078 16085 16099 16148 16157 16163 16168 16188 16194 16212 16223 16239 16243 16272 16338 16355 16360 16412 16418 16424 16435 16436 16445 16462 16465 16479 16521 16541 16545 16548 16555 16571 16582 16595 16610 16621 16622 16623 16656 16660 16701 16714 17065 17068 17069 17070 17071 17072 17074 17078 17079 17081 17082 17083 17088 17089 17090 17092 17093 17094 17095 17097 17102 17108 17109 17110 17114 17115 17116 17119 17121 17123 17124 17126 17127 17128 17129 17132 17134 17135 17138 17139 17142 17144 17150 17153 17154 17156 17159 17160 17162 17163 17164 17165 17168 17173 17177 17180 17181 17183 17184 17187 17191 17193 17194 17200 17204 17210 17218 17226 17230 17258 17270 17282 
	}
	weather={
	}
}
