
strategic_region={
	id=35
	name="STRATEGICREGION_35"
	provinces={
		15597 15603 15605 15606 15617 15622 15642 15655 15681 15689 15692 15701 15704 15716 15717 15724 15732 15737 15756 15767 15785 15800 15809 15814 15818 15825 15835 15858 15871 15884 15885 15895 15900 15917 15923 15941 15955 15978 15979 15992 16003 16017 16019 16030 16037 16046 16061 16087 16115 16118 16141 16152 16182 16193 16199 16216 16219 16221 16247 16262 16266 16271 16273 16283 16293 16307 16314 16328 16413 16430 16441 16451 16456 16460 16483 16488 16501 16503 16540 16549 16558 16589 16615 16667 16728 16732 16733 16740 17130 17149 17155 17169 17172 17190 17212 17222 17227 17232 17238 17244 17247 17249 17250 17254 17259 17260 17269 17274 17278 17279 17280 17284 17288 17291 17293 17294 17295 17298 17299 17300 17302 17303 17307 17308 17309 17311 17312 17315 17317 17319 17320 17322 17324 17326 17327 17328 17329 17330 17331 17332 17333 17334 17335 17336 17341 17345 
	}
	weather={
	}
}
