
strategic_region={
	id=37
	name="STRATEGICREGION_37"
	provinces={
		12975 12988 12994 13048 13051 13060 13076 13096 13119 13140 13217 13218 13314 13323 13337 13353 13386 13388 13407 13456 13457 13460 13466 13468 13491 13498 13516 13545 13637 13650 13672 13682 13684 13813 13834 13840 13843 13856 13873 13902 13937 13939 13947 13965 13969 13982 13989 13990 14008 14028 14050 14098 14166 14196 14243 14248 14255 14289 14411 14424 14430 14453 14499 14514 14598 14611 14635 14639 14680 14738 14741 14754 14761 14776 14893 14958 14995 15099 15103 15122 15147 15175 15177 15178 15188 15215 15235 15258 15289 15301 15364 15371 
	}
	weather={
	}
}
