
strategic_region={
	id=38
	name="STRATEGICREGION_38"
	provinces={
		12941 12956 12978 12979 12985 12996 12997 13001 13002 13012 13029 13031 13035 13043 13053 13058 13064 13065 13068 13073 13079 13088 13095 13097 13102 13114 13117 13118 13120 13153 13171 13174 13183 13228 13232 13236 13242 13245 13252 13264 13269 13271 13273 13293 13297 13299 13304 13322 13324 13336 13352 13354 13362 13363 13381 13394 13399 13401 13402 13408 13419 13433 13454 13458 13478 13500 13502 13506 13514 13520 13533 13536 13550 13559 13565 13567 13569 13574 13576 13582 13584 13591 13601 13606 13610 13617 13619 13622 13627 13630 13634 13647 13657 13662 13677 13683 13688 13695 13723 13732 13750 13776 13790 13795 13805 13831 13836 13859 13863 13869 13870 13874 13876 13881 13899 13900 13903 13905 13921 13927 13935 13970 13980 13998 14000 14019 14043 14044 14052 14055 14060 14064 14067 14095 14101 14130 14134 14136 14154 14171 14185 14188 14193 14219 14223 14227 14253 14265 14270 14273 14283 14284 14292 14302 14310 14314 14319 14325 14328 14333 14342 14366 14374 14401 14427 14436 14443 14458 14471 14480 14494 14498 14504 14505 14508 14510 14523 14543 14566 14570 14573 14588 14595 14617 14636 14678 14679 14685 14686 14700 14724 14755 14785 14794 14798 14807 14812 14816 14834 14845 14848 14855 14856 14875 14887 14888 14889 14895 14902 14915 14946 14951 14963 14970 14979 14988 14999 15007 15033 15042 15057 15060 15061 15065 15079 15082 15085 15093 15130 15150 15157 15181 15183 15184 15213 15382 15387 15392 15398 15401 15404 15406 15409 15418 15422 15423 15437 15439 15443 15451 15455 15457 15467 15471 15474 15476 15488 15495 15497 15503 15507 15511 15512 15519 15522 15533 15535 15551 15552 15555 15563 15565 15568 15570 15574 15578 15579 15585 
	}
	weather={
	}
}
