
strategic_region={
	id=39
	name="STRATEGICREGION_39"
	provinces={
		12944 12964 12967 12968 12969 12980 12982 12991 12995 13003 13004 13009 13010 13011 13017 13024 13032 13044 13047 13082 13094 13105 13127 13129 13135 13158 13162 13179 13185 13186 13199 13209 13223 13244 13249 13275 13279 13281 13296 13302 13318 13342 13344 13345 13355 13359 13367 13380 13384 13393 13405 13432 13443 13447 13467 13484 13496 13513 13551 13586 13593 13597 13598 13612 13623 13624 13635 13636 13658 13691 13702 13711 13713 13718 13735 13740 13744 13745 13755 13756 13774 13781 13785 13788 13802 13812 13814 13821 13823 13826 13845 13849 13855 13867 13879 13882 13885 13911 13915 13917 13938 13941 13972 13975 13984 13997 14006 14013 14029 14032 14046 14072 14107 14110 14115 14117 14121 14122 14128 14132 14138 14164 14177 14189 14200 14203 14209 14234 14242 14287 14296 14329 14330 14332 14354 14392 14410 14415 14425 14432 14438 14444 14457 14473 14478 14521 14550 14552 14553 14557 14561 14579 14581 14589 14599 14647 14649 14671 14681 14682 14706 14717 14743 14744 14768 14790 14792 14803 14817 14858 14868 14876 14878 14903 14909 14945 14948 14956 14967 14981 14982 14990 15010 15011 15025 15049 15067 15074 15077 15096 15102 15115 15126 15133 15155 15165 15169 15179 15182 15285 15293 15295 15304 15310 15319 15327 15334 15343 15355 15357 15363 15368 15370 15372 15373 15379 15380 15384 15385 15388 15389 15390 15391 15396 15397 
	}
	weather={
	}
}
