
strategic_region={
	id=4
	name="STRATEGICREGION_4"
	provinces={
		5 9 60 63 77 115 122 136 156 161 162 164 183 189 190 191 219 220 249 267 273 276 286 288 299 307 331 361 371 393 394 409 436 440 443 460 465 485 494 499 502 510 513 547 549 590 596 598 636 645 647 678 679 682 686 690 697 703 707 722 723 725 743 745 760 767 777 800 810 842 845 852 857 885 940 951 983 986 1001 1041 1057 1068 1071 1072 1076 1109 1162 1208 1213 1218 1220 1245 1254 1273 1290 1303 1330 1346 1348 1349 1350 1353 1354 1361 1386 1396 1400 1403 1404 1454 1458 1478 1484 1581 1586 1634 1668 1670 1714 1719 1720 1747 1761 1772 1782 1797 1830 1831 1834 1846 1919 1932 1949 1952 1969 1970 1975 1993 2002 2026 2033 2036 2046 2052 2062 2069 2080 2116 2118 2141 2142 2146 2200 2202 2222 2223 2229 2233 2234 2244 2269 2278 2299 2312 2319 2355 2371 2384 2413 2418 2447 2452 2463 2507 2511 2559 2577 2617 2627 2636 2640 2647 2655 2656 2665 2682 2689 2699 2703 2709 2723 2731 2739 2740 2770 2807 2815 2819 2833 2868 2896 2914 2923 2960 2964 3005 3022 3050 3057 3060 3069 3082 3104 3113 3136 3152 3156 3164 3167 3211 3222 3247 3252 3259 3269 3310 3314 3315 3335 3446 3456 3457 3460 3468 3473 3474 3489 3499 3509 3516 3527 3573 3582 3617 3621 3639 3652 3653 3654 3663 3665 3693 3774 3783 3786 3813 3827 3831 3843 3850 3858 3872 3905 3922 3926 3953 3957 3965 3985 3998 4085 4133 4138 4144 4160 4175 4177 4195 4199 4203 4208 4233 4258 4276 4288 4303 4322 4342 4347 4349 4359 4362 4385 4410 4436 4440 4456 4457 4458 4462 4468 4504 4505 4513 4518 4526 4535 4543 4558 4559 4592 4593 4633 4639 4651 4661 4670 4706 4710 4718 4721 4727 4737 4738 4742 4746 4762 4766 4775 4820 4831 4834 4845 4910 4914 4921 4938 4940 4941 4945 4974 4984 5001 5034 5036 5050 5052 5096 5098 5108 5120 5161 5176 5205 5241 5264 5283 5308 5329 5388 5391 5405 5407 5485 5497 5500 5511 5551 5571 5577 5579 5581 5634 5639 5643 5644 5667 5676 5678 5686 5724 5734 5735 5737 5739 5752 5766 5786 5806 5811 5820 5830 5891 5902 5904 5910 5920 5924 5968 5986 6030 6032 6035 6038 6114 6139 6168 6173 6208 6224 6226 6227 6237 6261 6270 6271 6276 6309 6325 6326 6337 6345 6351 6372 6415 6418 6431 6432 6437 6439 6440 6453 6459 6482 6571 6572 6629 6642 6643 6690 6704 6744 6755 6758 6759 6760 6767 6817 6855 6896 6915 6917 6921 6999 7036 7038 7043 7051 7057 7078 7088 7089 7131 7139 7144 7187 7192 7218 7224 7251 7266 7271 7286 7347 7356 7363 7406 7411 7441 7466 7474 7483 7527 7528 7572 7589 7623 7636 7651 7653 7686 7720 7725 7735 7736 7756 7760 7803 7839 7849 7855 7917 7976 7978 7988 7989 7993 8004 8012 8055 8096 8098 8124 8131 8152 8158 8166 8172 8174 8175 8217 8236 8308 8310 8312 8352 8355 8371 8407 8419 8434 8495 8512 8516 8551 8558 8576 8577 8579 8601 8603 8624 8627 8672 8681 8695 8779 8806 8840 8883 8896 8901 8909 8938 8942 8948 8959 8978 9013 9014 9017 9033 9086 9122 9124 9132 9135 9146 9148 9151 9153 9156 9157 9160 9161 9163 9173 9174 9176 9178 9179 9181 9183 9189 9192 9194 9197 9198 9200 9206 9208 9210 9211 9218 9223 9225 9226 9229 9231 9233 9237 9238 9239 9240 9244 9246 9251 9254 9255 9258 9260 9265 9266 9267 9270 9271 9272 9274 9275 9276 9278 9283 9285 9286 9289 9290 9297 9301 9302 9303 9307 9313 9314 9316 9321 9322 9326 9327 9330 9332 9337 9341 9342 9344 9346 9353 9354 9355 9360 9361 9366 9369 9370 9372 9376 9378 9382 9383 9387 9388 9389 9390 9394 9403 9406 9410 9414 9415 9417 9418 9419 9429 9430 9432 9433 9434 9437 9440 9446 9447 9448 9451 9454 9455 9459 9462 9464 9465 9469 9474 9477 9478 9489 9490 9491 9495 9497 9500 9502 9516 9517 9518 9519 9520 9521 9527 9529 9531 9532 9541 9553 9558 9559 9562 9564 9566 9567 9571 9574 9577 9580 9592 9595 9598 9603 9605 9611 9614 9616 9640 9642 9644 9650 9654 9656 9657 9675 9681 9707 9720 9739 9751 9768 9769 9793 9794 9827 9840 9845 9859 9869 9906 12922 12923 12924 12942 12965 12990 13030 13040 13052 13056 13093 13126 13134 13139 13146 13169 13172 13194 13215 13235 13261 13274 13278 13282 13284 13288 13315 13319 13320 13329 13351 13356 13391 13425 13445 13446 13476 13477 13504 13614 13651 13679 13700 13705 13708 13714 13784 13789 13839 13893 13926 13953 13968 13991 14005 14024 14139 14197 14260 14271 14276 14281 14286 14320 14324 14351 14352 14365 14404 14413 14416 14434 14475 14513 14524 14530 14544 14577 14592 14600 14624 14641 14642 14655 14690 14697 14699 14708 14713 14723 14728 14756 14767 14782 14808 14840 14892 14907 14908 14914 14942 14952 14975 15023 15032 15035 15084 15091 15140 15146 15166 15186 15190 15198 15214 15300 15302 15303 15305 15307 15309 15317 15320 15321 15323 15326 15328 15329 15331 15341 15342 15346 15347 15348 15351 15354 15359 15361 15367 15369 15374 15375 15376 15378 15601 15861 16038 16040 16059 16174 16179 16309 16342 16425 16463 16593 16696 16793 16795 16798 16799 16800 16805 16807 16824 16832 16841 16850 16854 16856 
	}
	weather={
	}
}
