
strategic_region={
	id=40
	name="STRATEGICREGION_40"
	provinces={
		12939 12953 12966 12992 13022 13067 13112 13123 13163 13196 13368 13431 13452 13455 13492 13493 13547 13563 13573 13588 13594 13625 13628 13640 13653 13676 13678 13716 13763 13780 13806 13832 13847 13852 13872 13896 13914 13916 13954 13962 13994 13995 14001 14002 14012 14015 14031 14038 14053 14057 14073 14076 14100 14114 14141 14144 14157 14158 14169 14211 14236 14268 14275 14285 14290 14309 14311 14326 14371 14377 14400 14412 14418 14456 14467 14477 14500 14538 14545 14549 14580 14606 14644 14667 14684 14698 14701 14704 14714 14720 14721 14736 14745 14746 14752 14763 14770 14796 14799 14871 14874 14883 14911 14924 14931 14939 14968 14971 14986 15019 15030 15078 15129 15162 15197 15531 15536 15545 15547 15550 15553 15554 15557 15558 15559 15564 15567 15569 15572 15577 15580 15582 15583 15586 15587 
	}
	weather={
	}
}
