
strategic_region={
	id=41
	name="STRATEGICREGION_41"
	provinces={
		12984 13007 13057 13092 13099 13143 13165 13237 13247 13260 13295 13312 13347 13378 13385 13389 13442 13479 13621 13690 13694 13698 13707 13709 13710 13712 13758 13809 13822 13891 13892 13904 13908 13932 13943 13944 13961 14023 14062 14071 14097 14123 14124 14137 14148 14162 14183 14205 14241 14256 14257 14288 14321 14340 14344 14357 14367 14378 14386 14388 14440 14464 14470 14495 14575 14662 14692 14694 14731 14773 14780 14802 14806 14815 14825 14826 14850 14851 14881 14885 14913 14916 14920 14927 14949 14997 15014 15094 15106 15159 15164 15209 15501 15513 15514 15520 15523 15527 15528 15532 15543 15548 15561 
	}
	weather={
	}
}
