
strategic_region={
	id=44
	name="STRATEGICREGION_44"
	provinces={
		12946 12949 12950 12951 12955 12958 12963 12972 12983 13005 13018 13026 13038 13050 13110 13142 13151 13155 13173 13175 13182 13230 13248 13259 13291 13292 13321 13349 13365 13372 13375 13398 13404 13406 13410 13414 13417 13438 13471 13472 13481 13521 13524 13537 13538 13554 13557 13581 13596 13613 13643 13664 13670 13704 13706 13721 13725 13835 13844 13850 13853 13871 13884 13898 13912 13963 13964 13966 13979 13992 14003 14059 14061 14063 14081 14092 14094 14125 14126 14143 14155 14156 14165 14175 14178 14194 14222 14224 14258 14259 14264 14274 14295 14313 14316 14322 14350 14439 14452 14482 14483 14492 14509 14537 14539 14560 14583 14612 14618 14628 14656 14659 14660 14664 14693 14702 14703 14711 14730 14758 14787 14819 14827 14859 14882 14922 14926 14950 14957 14969 14978 14994 14996 15052 15062 15071 15075 15087 15116 15135 15142 15151 15163 15174 15185 15200 15510 15517 15526 15529 15537 15541 15542 15546 15549 15556 15560 15562 15566 15571 15573 15575 15576 15581 15584 15588 
	}
	weather={
	}
}
