
strategic_region={
	id=45
	name="STRATEGICREGION_45"
	provinces={
		12957 13014 13034 13049 13071 13090 13091 13104 13115 13224 13225 13266 13285 13309 13310 13313 13326 13350 13358 13395 13418 13420 13423 13426 13429 13453 13462 13473 13475 13486 13487 13490 13505 13509 13522 13560 13572 13595 13642 13649 13659 13665 13667 13673 13675 13680 13685 13697 13719 13722 13733 13734 13743 13762 13768 13770 13838 13922 13948 13974 14037 14041 14049 14056 14065 14066 14089 14093 14104 14145 14152 14163 14179 14180 14201 14204 14206 14212 14230 14233 14267 14307 14345 14408 14429 14441 14472 14485 14518 14525 14540 14568 14597 14630 14632 14650 14775 14795 14839 14864 14897 14900 14912 14917 14929 14930 14933 14954 15031 15076 15083 15114 15131 15136 15145 15168 15194 15466 15469 15470 15481 15482 15485 15486 15487 15492 15494 15496 15499 15500 15505 15506 15509 15515 15516 15518 15524 15534 
	}
	weather={
	}
}
