
strategic_region={
	id=6
	name="STRATEGICREGION_6"
	provinces={
		7 38 58 61 185 186 222 237 243 270 279 298 301 333 382 412 458 476 483 484 520 538 602 620 631 757 762 772 782 792 838 869 879 882 883 930 965 985 999 1008 1019 1033 1060 1088 1097 1099 1121 1139 1149 1166 1223 1253 1281 1384 1390 1395 1398 1401 1476 1492 1507 1511 1555 1561 1562 1591 1606 1616 1629 1641 1643 1646 1682 1697 1715 1721 1775 1781 1791 1801 1839 1843 1847 1886 1907 1908 1938 1941 1950 1980 2009 2024 2054 2056 2058 2066 2076 2079 2089 2108 2128 2130 2148 2214 2216 2250 2256 2281 2297 2323 2368 2387 2397 2404 2485 2498 2514 2519 2534 2550 2556 2575 2671 2677 2698 2704 2722 2724 2725 2771 2774 2871 2901 2903 2984 2986 2991 3002 3047 3080 3098 3117 3166 3174 3197 3206 3207 3218 3279 3355 3361 3396 3401 3418 3433 3439 3511 3512 3519 3559 3591 3593 3618 3658 3685 3695 3701 3734 3742 3770 3775 3821 3840 3882 3883 3886 3916 3955 3982 4013 4021 4031 4050 4053 4061 4094 4196 4211 4261 4281 4299 4357 4401 4413 4431 4476 4507 4522 4665 4673 4713 4752 4767 4786 4794 4801 4815 4817 4836 4892 4930 4999 5000 5012 5027 5035 5041 5045 5060 5073 5086 5111 5112 5115 5127 5128 5136 5162 5167 5178 5183 5207 5216 5218 5227 5229 5230 5253 5266 5348 5358 5362 5373 5390 5393 5417 5425 5451 5469 5474 5478 5499 5574 5585 5602 5614 5647 5654 5657 5662 5700 5705 5789 5814 5839 5925 5967 6009 6011 6016 6026 6059 6084 6098 6100 6109 6115 6155 6175 6195 6197 6198 6236 6238 6258 6296 6298 6344 6371 6386 6394 6397 6411 6435 6462 6472 6477 6496 6505 6523 6527 6546 6591 6592 6594 6602 6667 6671 6676 6679 6683 6733 6740 6746 6748 6769 6775 6804 6862 6894 6901 6911 6927 6959 7049 7080 7086 7120 7133 7137 7166 7168 7178 7203 7237 7242 7247 7294 7303 7326 7344 7403 7413 7420 7440 7451 7482 7486 7492 7502 7508 7515 7517 7524 7586 7595 7616 7656 7678 7680 7685 7796 7798 7833 7840 7848 7880 7884 7891 7894 7910 7936 7953 7992 8069 8088 8107 8200 8245 8255 8258 8261 8280 8285 8288 8325 8333 8344 8356 8367 8383 8390 8403 8411 8449 8451 8525 8600 8659 8660 8661 8686 8692 8696 8704 8761 8766 8789 8797 8811 8876 8911 8914 8917 8929 8930 8933 8962 8982 9043 9044 9058 9060 9080 9092 9093 9334 9428 9453 9457 9458 9473 9499 9507 9512 9535 9540 9565 9588 9597 9613 9627 9634 9660 9670 9678 9683 9686 9689 9690 9694 9706 9715 9719 9742 9743 9746 9750 9760 9766 9767 9779 9781 9784 9786 9787 9791 9804 9808 9821 9822 9826 9851 9868 9870 9874 9875 9879 9882 9883 9900 9903 9911 9919 9929 9932 9945 9960 9974 9984 9994 10004 10015 10018 10030 10031 10038 10057 10059 10064 10067 10071 10080 10093 10096 10101 10129 10134 10143 10148 10149 10182 10189 10198 10202 10207 10210 10211 10212 10220 10221 10224 10228 10233 10245 10248 10259 10267 10276 10277 10278 10292 10296 10308 10319 10323 10324 10330 10350 10351 10361 10368 10379 10397 10407 10422 10423 10432 10446 10447 10453 10457 10460 10476 10477 10482 10486 10487 10488 10489 10497 10508 10512 10527 10535 10536 10562 10564 10573 10583 10586 10587 10606 10631 10637 10642 10650 10652 10653 10661 10664 10665 10671 10682 10691 10698 10700 10702 10713 10717 10721 10722 10723 10727 10728 10740 10741 10750 10752 10759 10772 10787 10797 10805 10814 10822 10828 10836 10844 10845 10865 10866 10875 10876 10887 10926 10933 10964 11006 11018 11030 11042 11052 11073 11084 11086 11115 12926 12928 12961 13205 13341 13424 13518 13579 13631 13648 13761 13765 13766 13779 13817 13842 13887 13919 13978 14022 14027 14120 14173 14210 14228 14250 14263 14346 14358 14373 14420 14421 14435 14461 14474 14585 14603 14613 14637 14638 14668 14718 14765 14778 14828 14886 14904 15022 15024 15043 15171 15207 15377 15381 15383 15386 15410 15415 15421 16851 16867 16872 
	}
	weather={
	}
}
