5 4 6437 9176 1348 1109 
5 10 4457 4144 9223 1109 5786 5096 2142 9197 5891 7187 
5 6 9176 4258 2647 1586 9173 371 
5 5 371 9156 3315 7760 7441 
5 16 9014 3652 9274 4721 9265 1353 9276 9251 845 9246 115 9231 9208 7651 2655 7187 
5 7 4347 9410 9382 4738 9322 276 9276 
5 3 371 6351 3693 
5 31 6351 6271 394 2413 6432 443 6325 1830 2665 682 2222 5388 5667 3152 8098 2036 1875 9411 9392 702 6680 2753 3010 9407 5934 9442 3732 9479 2277 3989 9483 
5 5 5934 4973 9380 8067 3196 
5 56 3196 700 468 2659 6073 9328 8253 9304 4426 6320 9281 1095 5922 9279 2941 9256 4452 9248 7956 1199 2304 3072 9230 352 9232 1893 628 8853 3592 5370 75 5349 8011 858 2808 2563 5044 9253 1541 1496 6824 864 43 526 9235 3139 5466 2117 9207 6290 4797 5135 1764 8318 4274 9159 
5 5 526 9209 9191 297 3967 
5 75 3196 4936 653 8134 9421 9444 812 1926 1340 9594 4434 1973 692 1820 9682 5496 9009 9753 4733 9814 9842 2968 3727 9944 4209 784 1083 5030 5211 2497 6438 891 5464 3754 7281 9097 3539 4534 2123 3356 10731 6987 10821 6861 5190 3713 10956 10994 11027 4935 5594 2406 11180 2273 7002 1549 11390 601 7313 5204 2445 658 11655 11616 7058 1364 11698 8238 6867 2445 4372 3407 11654 6867 7434 
5 39 7434 7671 2231 6928 7883 8680 7396 1114 7962 3045 5799 5306 1436 12081 5832 12103 12127 672 3902 5869 12233 5220 12283 12304 6484 701 7598 12394 3801 12440 12461 1694 6103 688 12534 12552 1870 5418 241 
5 40 7434 11734 5233 2988 1644 3379 3696 1998 11986 12005 6664 3327 12120 8908 614 12160 2800 6132 12243 9055 12259 3743 12296 7230 7696 6341 4308 4246 2502 4310 2683 5980 12437 4241 1684 6606 8063 4263 12530 4575 
5 35 5418 8240 588 12595 12581 31 12580 1417 4956 8424 4123 12557 414 3089 3964 12547 353 2781 9036 1092 5785 7241 12502 12517 3168 8423 3797 3479 689 2598 2884 1514 12541 287 4263 
5 3 4347 9495 9521 
5 67 5096 7527 6224 9321 2923 8624 6326 1454 4661 331 3905 220 3335 162 6226 469 9739 7720 9794 9840 7181 4881 4717 2327 257 10105 10153 10192 7204 10254 8974 10340 3421 5273 10450 1538 6985 10554 3930 10548 5760 4510 7607 1328 66 10781 1911 7227 3656 10942 2700 130 2692 7061 5773 3338 11241 1749 7210 1251 11486 3455 1424 2926 6193 11732 8279 
5 69 2700 7276 4542 10952 8209 2925 8888 4259 2097 7643 3935 10894 10870 6786 10859 1571 6897 5130 9061 2776 10774 10751 4139 10775 4109 6670 4934 8321 10733 444 3925 389 5604 1120 8828 8340 4554 4590 10692 7617 10672 7254 4135 386 7464 5977 10935 7202 8182 2483 1523 11173 7861 11258 3800 11323 5531 2981 11488 5957 1427 11695 2119 5268 11749 11705 5648 7793 11695 
3 20 12249 6242 4444 12215 7380 7834 1247 3290 7011 6738 12011 11966 7707 11899 4749 11855 11822 3604 11780 11749 
1 24 8279 11807 4008 11864 8568 6548 2967 11980 750 4949 5622 12098 1948 12119 8051 5148 12181 1690 12213 7987 1090 6916 5139 12249 
1 20 5622 4443 12132 1765 12206 12218 2842 346 12299 2954 4091 4604 5495 1126 12406 3629 8955 12482 12509 5587 
1 16 9304 6717 8489 8437 7703 4088 8197 1098 3623 8820 3326 1696 9141 1142 3735 7940 
1 5 9230 8773 2605 9172 1278 
1 29 10232 6363 10139 3570 988 9997 2001 8679 774 5198 3528 8364 5553 312 9665 3787 508 1365 3386 9488 4922 3079 6964 3349 5610 9319 9291 5558 352 
1 24 3840 10004 10030 1019 9080 1555 1950 7586 8288 6197 5111 5216 8797 4665 1008 7833 2534 7848 5705 9906 8822 6634 1370 7181 
1 27 8255 1398 6591 7502 5348 4673 999 2984 2550 10759 8069 2250 10700 2148 6592 8383 10587 3559 8451 5230 9093 6152 6729 10394 3749 7214 10340 
1 6 8279 11653 3130 11562 5480 11486 
1 35 1973 2869 2525 806 9764 2516 9838 4041 9887 8461 6707 4220 9955 904 4569 8109 3535 9996 5378 10072 10121 2712 10162 438 8362 9053 791 7066 317 3486 1242 7017 4905 3906 8828 
1 44 5273 10343 8137 10255 10246 7693 10137 7814 3569 5927 2619 4931 10036 8732 2788 2904 6053 9897 4224 9841 4260 3780 400 1034 2294 8341 5313 4471 9501 9502 2244 9418 4718 9440 307 3468 5308 4834 9376 5644 7356 5497 8512 5388 
1 14 4230 1219 3441 4683 2182 12684 4024 113 6736 5101 796 7844 5210 12581 
1 8 8360 10886 4702 7611 2292 7354 7914 10997 
1 51 7864 4065 6131 6044 5203 6532 5335 7890 5064 8286 11525 4464 11588 11629 2094 11715 11757 453 6346 7005 187 6657 2448 3785 4672 4795 5343 7382 3659 8194 12046 5788 5721 3630 12032 12078 12075 7948 2114 3815 8484 641 5448 3448 1965 12314 1127 803 6633 5317 4116 
1 10 12075 2169 7554 1756 449 11955 123 4392 11817 8509 
1 20 6007 2007 6731 5567 5911 1874 3721 3190 10222 10253 10295 3650 9059 10462 3875 10519 1009 10590 7946 1224 
1 7 8115 6129 1221 7620 4134 3485 1564 
1 32 6242 5542 12318 4073 6616 972 4694 5144 8514 4025 4378 8675 713 2005 2435 2681 6461 12616 5894 1635 12680 5974 3835 4435 12745 1745 2044 8076 3012 552 695 7306 
1 31 8514 849 2347 6989 2166 1677 5951 12560 1494 12579 5782 6945 5908 4122 5850 137 3436 5702 12703 2473 12727 433 7748 4942 4798 12793 4119 6880 4606 59 12848 
1 29 5587 8386 12565 1901 12599 3472 820 8937 12640 102 2814 2539 12677 3436 5702 12694 1883 648 3048 2021 1899 4946 3552 7873 1979 2121 12840 2112 900 
1 6 241 2431 5482 12609 3345 5210 
1 12 4230 4083 2825 12771 3192 12788 1773 4151 2887 8442 8694 2015 
1 13 241 7149 12646 365 9083 2139 4142 832 12685 2931 3939 5331 12680 
1 15 4575 12545 5383 2265 12533 12537 12551 12546 4463 1101 5428 4878 6984 6156 6930 
