
state={
	id=1
	name="STATE_1"

	history={
		owner = SOV
		add_core_of = SOV

	}

	provinces={
		19 27 51 71 72 79 85 88 217 239 247 303 306 321 327 350 366 378 388 396 509 587 632 709 728 731 749 770 787 790 830 866 977 1074 1086 1289 1306 1318 1374 1399 1421 1462 1475 1554 1574 1624 1626 1645 1650 1707 1727 1730 1734 1796 1885 1897 2011 2034 2041 2201 2245 2329 2335 2359 2426 2482 2484 2579 2673 2829 2977 3013 3026 3074 3198 3365 3377 3507 3515 3558 3702 3719 3730 3921 3927 3962 4006 4052 4176 4232 4294 4329 4351 4425 4708 4791 4829 4861 4889 4920 5057 5061 5132 5214 5398 5533 5554 5618 5835 5943 5956 5993 6201 6428 6469 6490 6493 6636 6655 6734 6837 6929 6973 6998 7012 7287 7301 7429 7468 7491 7558 7608 7866 7878 7973 8064 8130 8177 8237 8243 8267 8322 8329 8539 8612 8893 8992 12672 12676 12687 12690 12691 12697 12711 12720 12728 12730 12736 12741 12749 12750 12751 12764 12765 12766 12767 12769 12772 12776 12781 12798 12802 12803 12813 12816 12827 12833 12836 12842 12851 12855 
	}
	manpower=0
	buildings_max_level_factor=1.000
	state_category=rural
	local_supplies=0.000
}
