state={
	id=108
	name="STATE_108"
	provinces={
		9 122 136 156 299 460 682 690 707 777 1071 1162 1213 1245 1361 1720 1993 2002 2026 2036 2222 2233 2319 2384 2627 2656 2665 2689 2807 2868 2914 3152 3222 3457 3509 3639 3843 3965 4199 4203 4276 4303 4385 4633 4651 4706 4710 4737 4831 5050 5205 5388 5497 5551 5667 5678 5811 6032 6035 6173 6270 6345 6440 6642 6704 6755 7038 7051 7192 7224 7356 7849 7978 7993 8004 8096 8098 8158 8512 8909 8959 9194 9233 9237 9238 9240 9254 9266 9267 9272 9275 9289 9390 9406 9415 9433 9562 
	}
history = {
owner = UKR
add_core_of = UKR
}
	manpower = 1000
	buildings_max_level_factor=1.000 		state_category=pastoral
}
