state={
	id=121
	name="STATE_121"
	provinces={
		117 198 252 496 765 776 907 968 1005 1026 1095 1262 1510 1567 1760 1829 1835 2328 2499 2574 2622 2789 3076 3079 3349 3386 3397 3492 3589 3684 3724 3870 4180 4270 4679 4827 4911 4922 5459 5612 5629 5679 5807 5922 6218 6292 6560 6614 6691 6810 6869 6907 6964 7495 7792 7794 7972 8102 8167 8256 8379 8487 8519 8646 8684 8718 8823 9096 9279 9281 9323 9338 9348 9356 9357 9367 9368 9381 9395 9396 9399 9400 9404 9445 9456 9466 9470 9471 9480 9484 9488 9493 9510 9514 9523 9542 9570 
	}
				history = {
	owner = HUN
	add_core_of = HUN
	}
	manpower=0
	buildings_max_level_factor=1.000
}
