
state={
	id=122
	name="STATE_122"

	history={
		owner = SOV
		add_core_of = SOV

	}

	provinces={
		119 231 234 294 452 493 630 684 873 1200 1274 1298 1582 1593 1600 1604 1673 1687 1731 1818 1828 2106 2164 2302 2392 2416 2464 2506 2531 2615 2711 2749 2751 2756 2989 3051 3200 3205 3212 3235 3292 3294 3304 3323 3400 3644 3852 3868 3873 3990 4256 4472 4492 4568 4610 4630 4656 4714 4819 4848 4952 4969 5123 5270 5280 5327 5330 5350 5355 5559 5598 5651 5690 5759 5790 5868 5888 6121 6184 6246 6334 6396 6452 6494 6517 6603 6645 6725 6749 6844 6962 7018 7289 7733 7791 7797 7859 7909 7935 7968 8065 8147 8203 8272 8564 8594 8598 8804 9008 9024 9280 9299 9310 9347 9350 9409 9423 9427 9436 9439 9467 9506 9528 9530 9534 9546 9556 9557 9569 9587 9590 9602 9624 9662 9673 9676 9687 9693 9698 9699 9745 9748 9749 9758 9785 9792 9812 9815 9834 9849 9890 9923 10028 10075 
	}
	manpower=0
	buildings_max_level_factor=1.000
	state_category=rural
	local_supplies=0.000
}
