state={
	id=123
	name="STATE_123"
	provinces={
		146 315 347 543 1043 1119 1252 1261 1655 1660 1674 1703 1770 1822 1869 1880 1892 2010 2286 2467 2529 2651 2793 2969 3157 3188 3230 3342 3351 3471 3648 3807 3818 3828 3979 4058 4077 4300 4478 4531 5044 5051 5078 5187 5385 5688 5732 5975 6019 6176 6183 6340 6535 6920 6950 7213 7265 7955 8073 8149 8262 8335 8389 8591 8667 8781 8862 8971 9001 9070 9074 9252 9263 9287 9294 9336 9339 9351 9352 9359 9374 9377 9384 9386 9401 9408 9425 9431 9450 9461 9476 9481 9482 9494 9508 9545 9548 9573 9607 9626 9672 9708 9712 
	}
		history = {
	owner = CHI
	add_core_of = CHI
	}
	manpower=0
	buildings_max_level_factor=1.000
}
