state={
	id=132
	name="STATE_132"
	provinces={
		63 161 393 703 745 885 1057 1208 1290 1330 1403 1478 1484 1831 2371 2463 2507 2617 2636 2815 2960 2964 3167 3259 3573 3786 3872 3985 4558 4670 4746 5120 5571 5752 5920 6629 6744 6758 6855 7089 7144 7735 7736 7989 8308 8310 8352 8576 8840 8901 9033 9326 9344 9346 9372 9387 9388 9394 9419 9432 9437 9446 9454 9462 9464 9469 9474 9478 9518 9519 9532 9553 9558 9595 
	}
history = {
owner = DEN
add_core_of = DEN
}
	manpower=0
	buildings_max_level_factor=1.000
}
