state={
	id=141
	name="STATE_141"
	provinces={
		98 99 150 232 359 536 692 698 1084 1185 1188 1340 1373 1820 1973 2030 2074 2206 2311 2373 2446 2525 2869 2915 2968 3112 3318 3412 3437 3727 4011 4029 4103 4171 4399 4434 4437 4629 5197 5262 5269 5487 5496 5805 6473 6659 6742 6768 6961 7113 7115 7117 7125 7473 7484 7542 7618 7621 7846 8180 8293 8538 8573 8631 8742 8808 8977 9009 9438 9460 9472 9504 9509 9513 9538 9543 9583 9594 9599 9608 9623 9628 9653 9666 9682 9684 9702 9734 9735 9741 9753 9764 9772 9797 9842 9854 9858 9913 9916 9939 9944 9964 9982 
	}
					history = {
	owner = ROM
	add_core_of = ROM
	}
	manpower=0
	buildings_max_level_factor=1.000
}
