state={
	id=143
	name="STATE_143"
	provinces={
		38 270 279 412 762 985 1253 1390 1562 1616 1941 2089 2404 2671 2725 2986 3047 3166 3401 3658 3955 4021 4196 4357 4752 4836 5000 5012 5390 5425 5814 5839 5967 6011 6059 6115 6236 6258 6371 6394 6676 6746 7910 7936 8107 8367 8659 8811 9060 9457 9512 9535 9565 9588 9597 9670 9694 9715 9719 9742 9746 9766 9804 9826 9870 9883 9900 9919 9945 
	}
		history = {
	owner = LUX
	add_core_of = LUX
	buildings = {
		air_base = 1
	}
	}
	manpower=0
	buildings_max_level_factor=1.000 		state_category=rural
}
