state={
	id=148
	name="STATE_148"
	provinces={
		255 280 408 482 572 1287 1379 1426 1596 1802 2379 2408 2488 2562 2695 2879 2910 3073 3225 3233 3369 3594 3633 3729 4514 4733 4968 5047 5166 5192 5222 5328 5435 5452 5697 5837 5952 6301 6534 6556 6622 6765 6793 6802 6864 7280 7404 7847 7881 7991 8031 8066 8270 8401 8526 8599 8604 8980 9563 9575 9579 9591 9612 9625 9635 9659 9674 9703 9710 9716 9728 9736 9747 9756 9765 9773 9799 9802 9805 9814 9855 9884 9888 9924 9925 
	}
				history = {
	owner = HUN
	add_core_of = HUN
	}
	manpower=0
	buildings_max_level_factor=1.000
}
