state={
	id=156
	name="STATE_156"
	provinces={
		39 207 438 461 791 921 962 993 1143 2059 2168 2267 2362 2391 2425 2712 2799 3094 3151 3484 3740 4214 4367 4677 4927 5434 5462 5802 6066 6311 6515 6550 6566 6583 6776 6974 7003 7228 7609 7960 7970 8189 8362 8441 8497 8543 8578 8589 8720 9035 9053 9711 9726 9740 9770 9788 9798 9813 9853 9907 9936 9995 10009 10022 10070 10109 10119 10150 10155 10162 10169 10204 10226 10242 10250 10287 10300 10358 10381 
	}
		history = {
	owner = SPR
	add_core_of = SPR
	}
	manpower=0
	buildings_max_level_factor=1.000
}
