state={
	id=158
	name="STATE_158"
	provinces={
		68 169 176 257 427 455 469 487 593 710 718 786 881 1052 1106 1145 1256 1272 1370 1407 1408 1529 1599 1630 1649 1895 2003 2104 2252 2288 2327 2336 2351 2369 2386 2398 2524 2860 2900 3070 3109 3133 3220 3223 3227 3238 3307 3354 3421 3440 3569 3871 3894 3913 3929 4070 4104 4115 4336 4405 4432 4490 4640 4695 4717 4810 4841 4881 4925 5089 5142 5188 5199 5240 5273 5282 5324 5458 5476 5506 5513 5532 5588 5591 5606 5650 5711 5743 5817 5833 5927 6152 6460 6514 6544 6555 6590 6634 6654 6724 6729 6823 6883 6957 6969 6979 6980 6995 7110 7116 7154 7181 7204 7214 7215 7220 7223 7253 7278 7296 7320 7679 7693 7737 7814 7835 8009 8081 8137 8139 8156 8205 8225 8299 8311 8317 8368 8416 8433 8547 8550 8609 8664 8682 8693 8722 8739 8822 8843 8967 8974 9004 9026 9704 9732 9782 9810 9823 9878 9886 9917 9930 9940 9951 9962 9977 9978 10001 10008 10016 10019 10044 10052 10054 10058 10086 10091 10094 10099 10102 10105 10106 10137 10153 10178 10184 10192 10194 10203 10208 10209 10217 10231 10235 10246 10254 10255 10263 10273 10280 10289 10301 10309 10311 10316 10320 10334 10340 10343 10345 10362 10366 10369 10384 10390 10394 10401 10424 10425 10426 10490 10495 10504 10543 10580 10593 10594 10596 10677 
	}
history = {
owner = SAU
add_core_of = SAU
}
	manpower = 1000
	buildings_max_level_factor=1.000 		state_category=town
}
