state={
	id=159
	name="STATE_159"
	provinces={
		55 152 202 387 497 594 600 1058 1259 1751 1874 1877 1945 2103 2733 2861 2916 3031 3119 3161 3190 3253 3522 3576 3721 3723 3764 4118 4275 4292 4363 4517 4548 4602 4796 5032 5242 5250 5256 5278 5567 5761 5778 5824 5911 5969 6181 6232 6275 6306 6352 6376 6764 6784 6830 7064 7171 7377 7568 7774 7831 7965 8068 8247 8306 8544 8583 8730 8782 8916 8918 8922 8986 9031 9762 9776 9790 9818 9830 9837 9864 9894 9952 9954 9957 9959 9970 9999 10000 10025 10026 10029 10050 10051 10053 10063 10078 10090 10100 10116 10120 10123 10126 10133 10147 10172 10173 10181 
	}
			history = {
	owner = BHU
	add_core_of = BHU
	}
	manpower=0
	buildings_max_level_factor=1.000 		state_category=rural
}
