state={
	id=162
	name="STATE_162"
	provinces={
		416 667 956 1006 1207 1525 1619 1725 1777 1857 1902 2176 2285 2676 2906 2935 3720 3773 3920 3987 4056 4446 4735 4783 4816 4835 4981 5054 5332 5528 5635 5965 5985 6050 6135 6244 6699 6958 6971 7010 7068 7129 7135 7222 7233 7277 7436 7463 8100 8208 8387 8465 8584 8639 8685 8731 8795 8844 8873 9800 9807 9829 9836 9848 9852 9867 9877 9889 9893 9901 9922 9926 9927 9947 9949 9956 9958 9983 9987 9991 9998 10021 10034 10039 10065 10084 10085 10095 10127 10136 10159 10163 
	}
		history = {
	owner = SOV
	add_core_of = SOV
	}
	manpower = 1000
	buildings_max_level_factor=1.000 		state_category=rural
}
