state={
	id=168
	name="STATE_168"
	provinces={
		41 320 401 410 439 539 853 966 1087 1164 1268 1470 1548 1560 1779 1845 1933 2196 2197 2199 2317 2607 2990 3015 3020 3115 3181 3263 3676 3705 3755 3788 3799 4076 4184 4227 4237 4272 4320 4533 4715 4789 4873 5055 5126 5243 5318 5352 5748 5896 5898 6054 6080 6097 6138 6216 6264 6475 6529 6582 6841 6882 6905 6935 6988 7020 7105 7365 7423 7559 7570 7634 7702 7749 7813 7961 8106 8112 8204 8211 8214 8254 8259 8342 8440 8459 8474 8678 8746 9881 9933 9942 10005 10032 10037 10045 10068 10082 10097 10117 10118 10128 10144 10180 10218 10225 10238 10251 10264 10281 10303 10315 10331 10335 10342 10354 10380 10398 10403 10418 10419 10427 10438 10443 10444 10470 10484 10505 10516 10537 10561 10566 10591 10597 10608 10646 10647 10724 
	}
	history = {
	owner = KOR
	add_core_of = KOR
	}
	manpower=0
	buildings_max_level_factor=1.000
}
