state={
	id=173
	name="STATE_173"
	provinces={
		21 45 685 719 784 861 891 1053 1083 1430 1463 1490 2497 2515 2602 2630 2679 2826 2856 2890 2912 3420 3563 3634 3655 3750 3754 4209 4307 4494 4712 4720 4844 4853 5030 5211 5231 5464 5468 5548 5798 5870 5895 5945 6024 6064 6284 6438 6569 6608 6644 6732 6842 6909 7028 7170 7246 7281 7297 7452 7453 7816 7821 8010 8032 8162 8169 8232 8276 8365 8426 8729 9985 9986 10041 10046 10062 10077 10104 10124 10125 10142 10151 10157 10171 10188 10191 10243 10252 10271 10322 10341 10382 10442 
	}
history = {
owner = LBA
add_core_of = LBA
}
	manpower=0
	buildings_max_level_factor=1.000 		state_category=rural
}
