state={
	id=174
	name="STATE_174"
	provinces={
		185 520 620 631 883 1019 1060 1281 1492 1629 1886 1907 2058 2214 2556 3396 3439 3695 3734 3770 4211 4261 4476 5027 5035 5041 5045 5167 5358 5362 6098 6238 6462 6477 6527 6546 6769 7168 7237 7294 7517 7524 7796 8200 8390 8661 8766 8876 8914 8962 9080 10004 10030 10057 10093 10096 10134 10143 10148 10189 10202 10207 10210 10224 10228 10276 10292 10308 10323 10324 10361 10446 10453 10482 10486 10497 
	}
	history = {
	owner = FRA
	add_core_of = FRA
	}
	manpower=0
	buildings_max_level_factor=1.000
}
