state={
	id=175
	name="STATE_175"
	provinces={
		301 483 772 879 1099 1121 1166 1476 1606 1697 1839 1847 1938 2771 3080 3559 3742 3775 3916 4053 4061 4094 4801 4817 4930 5060 5183 5207 5393 5585 5662 6100 6296 6298 6397 6411 6523 6683 6775 6862 6927 7137 7326 7344 7403 7420 7595 7678 7894 8285 8333 8696 8761 8911 10031 10071 10129 10211 10220 10233 10267 10277 10296 10350 10397 10407 10432 10460 10476 10487 10488 10508 10527 10587 10631 
	}
	history = {
	owner = HOL
	add_core_of = HOL
	}
	manpower=0
	buildings_max_level_factor=1.000 		state_category=rural
}
