state={
	id=177
	name="STATE_177"
	provinces={
		186 237 757 792 1097 1401 1715 1781 1908 2009 2076 2128 2698 3002 3433 3685 3821 3882 4401 4522 4892 5073 5086 5112 5136 5162 5230 5253 5602 6109 6155 6505 7178 7247 7413 7482 8261 8325 8451 8660 8930 8933 9093 10038 10067 10080 10101 10182 10198 10212 10221 10245 10248 10259 10278 10319 10330 10351 10379 10422 10423 10447 10457 10477 10489 10512 10536 
	}
	history = {
	owner = HOL
	add_core_of = HOL
	}
	manpower = 1000
	buildings_max_level_factor=1.000 		state_category=rural
}
