state={
	id=180
	name="STATE_180"
	provinces={
		74 107 147 435 448 740 1102 1108 1138 1269 1388 1415 1425 1515 1577 1603 1856 1929 2360 2367 2441 2719 2729 2766 3063 3182 3250 3476 3481 3798 3954 4019 4020 4038 4040 4048 4273 4408 4523 4638 4755 4840 4849 4980 5075 5116 5118 5156 5215 5392 5505 5589 5595 5631 5665 5701 6213 6361 6478 6479 6537 6541 6684 6873 6914 6990 6996 7077 7205 7338 7435 7439 7601 7670 7713 7730 7776 7858 7895 7913 8049 8050 8337 8460 8511 8527 8750 8809 8813 8887 8943 8950 8969 10122 10131 10175 10177 10227 10240 10285 10291 10302 10321 10333 10338 10339 10356 10364 10387 10413 10414 10420 10434 10437 10448 10469 10533 10544 10556 10581 10636 10694 10710 10743 
	}
history = {
owner = EGY
add_core_of = EGY
}
	manpower = 1000
	buildings_max_level_factor=1.000 		state_category=town
}
