state={
	id=187
	name="STATE_187"
	provinces={
		127 160 209 261 389 444 462 938 949 994 1007 1120 1150 1242 1480 1526 1527 1528 1724 1738 2084 2177 2263 2409 2557 2625 2835 2872 3095 3321 3486 3588 3731 3862 3901 3906 3925 4005 4022 4032 4042 4114 4120 4132 4169 4210 4376 4552 4554 4590 4678 4709 4868 4905 4948 4978 4982 5095 5125 5175 5235 5310 5604 5709 5726 5727 5768 5770 5825 6068 6324 6417 6445 6697 6992 7017 7025 7226 7311 7336 7379 7390 7485 7545 7551 7582 7592 7617 7619 7843 7857 7893 7995 8001 8017 8151 8202 8314 8316 8321 8332 8340 8357 8422 8618 8638 8666 8708 8728 8828 8851 9030 9032 9062 9095 10229 10265 10268 10294 10299 10313 10370 10375 10376 10391 10406 10408 10435 10439 10454 10455 10468 10479 10492 10513 10517 10520 10529 10540 10549 10560 10563 10572 10575 10584 10589 10600 10610 10611 10614 10635 10638 10645 10658 10678 10692 10693 10715 10733 10746 10755 10756 10761 10766 10789 10800 10816 10817 10818 10829 10832 10833 10835 10840 10847 10873 10881 10903 
	}
	history = {
	owner = POR
	add_core_of = POR
	}
	manpower=0
	buildings_max_level_factor=1.000 		state_category=town

}
