state={
	id=198
	name="STATE_198"
	provinces={
		3 268 835 1012 1134 1189 1328 1538 1578 1894 1939 2013 2133 2370 2449 2458 3025 3037 3368 3609 3749 3822 3930 4315 4465 4510 4751 4965 5152 5212 5289 5361 5760 5767 6020 6187 6379 6531 6879 6938 6985 7243 7555 7607 8113 8195 8315 8395 8871 8996 10450 10478 10483 10494 10498 10515 10523 10528 10548 10552 10554 10565 10579 10601 10644 10657 10666 10689 10732 10738 10745 10754 10793 
	}
history = {
owner = SAU
add_core_of = SAU
}
	manpower = 1000
	buildings_max_level_factor=1.000 		state_category=rural
}
