state={
	id=203
	name="STATE_203"
	provinces={
		179 194 380 442 644 1000 1050 1167 1285 1587 1631 1840 1896 1996 2160 2280 2533 2581 2716 3105 3125 3226 3483 3769 3928 3973 4150 4403 4491 4635 4747 4870 5026 5063 5093 5295 5498 5677 5706 5880 5909 6164 6330 6384 6434 6450 6481 6488 6491 6528 6576 6620 6648 6681 6763 6806 6809 6834 7350 7395 7397 7578 7580 7787 8042 8207 8229 8505 8506 8528 8570 8606 8611 8735 8770 8772 8776 8924 8993 9000 10500 10530 10602 10622 10628 10633 10674 10675 10676 10686 10695 10705 10706 10726 10757 10768 10769 10777 10785 10786 10795 10810 10819 10820 10839 10855 10877 10878 10888 10895 10906 10978 10987 11020 11023 11076 
	}
			history = {
	owner = LEB
	add_core_of = LEB
	}
	manpower=0
	buildings_max_level_factor=1.000
}
