state={
	id=204
	name="STATE_204"
	provinces={
		298 382 484 999 1149 1641 1643 1646 1682 1775 1791 1843 1980 2024 2054 2056 2079 2148 2250 2256 2397 2485 2550 2774 2901 2984 3098 3174 3206 3207 3982 4050 4281 4673 4713 4815 5115 5128 5266 5451 5478 5499 5614 5657 6016 6026 6344 6496 6592 6667 6804 6911 6959 7086 7120 7242 7303 7440 7508 7840 7880 8069 8245 8344 8356 8383 8600 8704 8789 8917 8982 9044 9058 10535 10562 10564 10573 10583 10586 10606 10637 10642 10650 10652 10653 10661 10664 10665 10671 10682 10698 10700 10702 10713 10721 10722 10723 10727 10728 10741 10759 10797 10805 10836 10845 10866 10876 10926 10933 10964 
	}
		history = {
	owner = ELS
	add_core_of = ELS
	}
	manpower = 1000
	buildings_max_level_factor=1.000 		state_category=town
}
