state={
	id=206
	name="STATE_206"
	provinces={
		375 429 488 717 739 927 1180 1226 1597 1652 1816 2350 2588 2672 2849 2851 2873 3267 3370 3612 3707 3817 4206 4541 4692 4877 5076 5077 5104 5122 5616 5976 5996 6205 6252 6278 6285 6360 6446 6526 6720 6737 6847 6942 7142 7249 7272 7419 7433 7639 7790 7897 8373 8444 8655 10649 10668 10709 10739 10749 10758 10792 10801 10811 10830 10848 10861 10936 10955 10958 10983 10984 11038 11059 11077 11079 11085 11101 11123 11148 11157 11163 11170 11202 11260 
	}
			history = {
	owner = LEB
	add_core_of = LEB
	}
	manpower=0
	buildings_max_level_factor=1.000
}
