state={
	id=207
	name="STATE_207"
	provinces={
		44 66 130 478 687 699 763 794 1299 1359 1911 2193 2612 2674 2692 2700 3338 3432 3518 3548 3656 3778 3874 3885 4140 4187 4542 4555 4830 4832 4880 5022 5206 5245 5294 5300 5401 5460 5470 5563 5638 5646 5718 5773 5890 5900 6091 6177 6196 6211 6269 6402 6558 6564 6609 7037 7061 7199 7219 7227 7276 7322 7389 7531 7625 7662 7841 7850 7954 8418 8452 8488 8522 8966 9049 10618 10683 10718 10719 10753 10781 10799 10806 10826 10853 10858 10862 10890 10893 10910 10921 10934 10938 10942 10952 10989 11007 11019 11068 11075 11081 11098 11116 11121 11195 
	}
		history = {
	owner = MON
	add_core_of = MON
	}
	manpower = 1000
	buildings_max_level_factor=1.000
			state_category=rural
}
