state={
	id=208
	name="STATE_208"
	provinces={
		269 432 501 560 577 676 724 802 804 1113 1129 1297 1313 1571 1977 1982 2037 2097 2181 2215 2251 2258 2309 2646 2726 2776 3008 3171 3291 3301 3375 3765 3855 3935 4109 4139 4156 4217 4259 4262 4395 4500 4689 4707 4934 4977 5130 5552 5775 5966 6012 6055 6241 6420 6457 6635 6670 6712 6786 6791 6814 6829 6833 6897 6951 6994 7355 7448 7537 7553 7643 7660 7758 7888 8037 8043 8122 8133 8251 8277 8466 8864 8904 8905 8906 8965 9061 10619 10627 10648 10654 10685 10704 10714 10747 10751 10760 10774 10775 10780 10782 10815 10827 10838 10846 10859 10860 10870 10894 10902 10913 10927 10939 10945 10972 11009 11010 11031 11058 11062 
	}
	history = {
	owner = HUN
	add_core_of = HUN
	}
	manpower = 1000
	buildings_max_level_factor=1.000
			state_category=rural

}
