state={
	id=210
	name="STATE_210"
	provinces={
		222 1088 1384 1398 1507 1561 2216 2281 2297 2323 2514 2871 2903 2991 3279 3361 3418 3512 3519 3591 3593 3701 3883 4507 5127 5348 5700 6472 6591 6740 6748 7166 7203 7451 7486 7502 7616 7656 7798 7891 8088 8255 8449 8692 10691 10717 10740 10750 10752 10772 10787 10814 10822 10828 10844 10865 10875 10887 11006 11018 11030 11042 11052 11073 11084 11086 11115 
	}
		history = {
	owner = ELS
	add_core_of = ELS
	}
	manpower=0
	buildings_max_level_factor=1.000
}
