state={
	id=212
	name="STATE_212"
	provinces={
		2 192 370 575 612 764 826 922 941 946 987 1228 1294 1503 1531 1558 1573 1575 1589 1666 1709 2315 2377 2434 2565 2584 2641 2866 3064 3090 3352 3463 3620 3649 3753 3812 3844 4126 4368 4989 5056 5177 5260 5603 5708 5738 5776 5915 5932 5961 6365 6498 6553 6559 6660 6708 6726 6933 7001 7063 7147 7169 7180 7197 7258 7269 7341 7360 7437 7534 7585 7632 7711 7764 7925 7943 7952 7983 8024 8138 8384 8456 8565 8619 8654 8689 8699 8870 9081 10730 10765 10788 10823 10842 10843 10864 10872 10885 10901 10918 10937 10961 10962 10977 10995 11000 11001 11013 11036 11061 11087 11094 11118 11125 11128 11129 11131 11155 11159 11179 11182 11218 11219 11225 11278 
	}
		history = {
	owner = MON
	add_core_of = MON
	}
	manpower=0
	buildings_max_level_factor=1.000
}
