state={
	id=214
	name="STATE_214"
	provinces={
		336 490 1471 1691 1915 2113 2818 3405 3429 3444 3713 3887 4165 4202 4493 4520 4872 5092 5131 5190 6146 6240 6412 6419 6861 7067 7122 7195 7723 7752 7903 8038 8378 8431 8478 8566 8710 8771 9072 10783 10794 10871 10900 10911 10924 10931 10943 10956 10959 10963 10973 10982 10990 10994 11012 11025 11026 11027 11039 11040 11053 
	}
			history = {
	owner = JOR
	add_core_of = JOR
	}
	manpower = 1000
	buildings_max_level_factor=1.000
			state_category=rural

}
