state={
	id=215
	name="STATE_215"
	provinces={
		30 143 421 605 625 737 1335 1357 1422 1598 1667 1722 2073 2149 2400 2526 2653 2859 2928 2963 3055 3144 3180 3287 3581 3823 4068 4127 4327 4485 4601 4646 4854 4867 5010 5276 5311 5323 5525 5800 6148 6158 6355 6391 6519 6795 6953 7053 7118 7164 7173 7362 7426 7461 7472 7539 7681 7734 7808 8291 8417 8592 9037 9082 10868 10874 10905 10944 10960 10974 10985 10996 11016 11032 11035 11050 11054 11074 11078 11080 11106 11137 11144 11175 11181 11185 11188 11200 11213 11227 11243 11256 11287 11308 11340 11349 11367 
	}
			history = {
	owner = SLO
	add_core_of = SLO
	}
	manpower = 1000
	buildings_max_level_factor=1.000
			state_category=rural

}
