state={
	id=217
	name="STATE_217"
	provinces={
		29 82 282 574 637 825 978 990 1067 1227 1366 1491 1545 1663 1735 1882 2029 2063 2583 2662 2746 3165 3183 3254 3477 3834 4244 4314 4350 4379 4626 4857 4900 4907 5201 5703 5847 5867 6039 6043 6143 6185 6331 6338 6510 6516 6662 7054 7093 7106 7300 7351 7361 7641 7939 8127 8164 8326 8375 8596 8617 8637 8711 8778 9073 10850 10882 10908 10916 10954 10966 10967 10991 11021 11022 11034 11045 11049 11051 11055 11072 11093 11107 11124 11142 11145 11153 11176 11210 11214 11224 11234 11288 11289 11301 11327 11334 11404 
	}
history = {
owner = GER
add_core_of = GER
}
	manpower=0
	buildings_max_level_factor=1.000
			state_category=rural

}
