state={
	id=218
	name="STATE_218"
	provinces={
		11 84 158 177 606 655 657 662 779 848 854 928 961 1055 1056 1214 1316 1502 1523 1680 1699 1955 2014 2025 2083 2088 2122 2171 2212 2388 2414 2483 2685 2809 2883 2913 2938 2949 2974 3194 3261 3322 3378 3388 3530 3549 3616 3640 3647 3680 3760 3876 3897 3950 3971 4003 4016 4018 4099 4112 4235 4358 4360 4371 4396 4414 4481 4516 4866 4871 4899 4909 4991 4993 5066 5080 5094 5133 5151 5251 5342 5366 5409 5541 5570 5572 5636 5692 5812 5875 5897 5901 5971 5998 6144 6190 6401 6520 6574 6587 6599 6694 6774 6780 6799 6848 6877 7004 7034 7050 7182 7268 7290 7310 7331 7359 7401 7418 7427 7432 7560 7594 7742 7751 7825 7832 7861 8140 8182 8223 8567 8650 8673 8705 8727 8733 8805 8836 8858 8875 9071 10898 10919 10922 10930 10946 10957 10968 10980 10992 11044 11063 11069 11070 11089 11092 11099 11103 11122 11130 11134 11135 11165 11169 11173 11186 11189 11196 11197 11201 11204 11208 11215 11232 11237 11238 11242 11248 11252 11255 11258 11259 11269 11270 11281 11286 11292 11296 11310 11322 11330 11341 11345 11346 11347 11357 11395 11414 11436 11437 11442 11451 11476 11477 11506 11509 11512 11563 11583 11590 11619 11623 11636 
	}
		history = {
	owner = NIC
	add_core_of = NIC
	}
	manpower=0
	buildings_max_level_factor=1.000
			state_category=town

}
