state={
	id=221
	name="STATE_221"
	provinces={
		52 129 230 1209 1249 1288 1864 1930 1964 2147 2150 2396 2668 2670 2881 2944 2995 3001 3498 3677 3810 4264 4483 4671 4764 4838 4916 5386 5431 5515 5517 5620 5852 5863 6041 6200 6267 6289 6398 6406 6507 6554 6715 7130 7315 7546 7765 7806 8120 8222 8224 8668 8676 8775 8891 8897 10928 10981 11011 11024 11037 11047 11071 11100 11117 11136 11156 11187 11190 11198 11228 11229 11230 11274 11279 11311 11325 11342 11352 11370 11383 11384 11397 11417 11418 11454 11473 11474 11484 11507 11533 11552 
	}
		history = {
	owner = NIC
	add_core_of = NIC
	}
	manpower = 1000
	buildings_max_level_factor=1.000
			state_category=rural

}
