
state={
	id=224
	name="STATE_224"
	provinces={
		379 601 627 831 1170 1549 1557 1637 2023 2067 2191 2220 2273 2348 2406 2430 2477 2772 3453 4290 4390 4417 4495 4612 4632 4701 4855 4898 4935 5083 5279 5586 5594 5680 5740 6074 6167 6358 6456 6714 6772 6925 7002 7151 7313 7358 7462 7683 7739 7996 8060 8220 8410 8468 8838 9041 11064 11102 11110 11127 11164 11174 11180 11199 11216 11249 11271 11275 11297 11302 11305 11316 11317 11319 11331 11353 11354 11362 11363 11364 11390 11401 11433 11446 11452 
	}
			history = {
	owner = YEM
	add_core_of = YEM
	}
	manpower=0
	buildings_max_level_factor=1.000
	local_supplies=0.000
}
