state={
	id=226
	name="STATE_226"
	provinces={
		752 809 815 998 1020 1235 1266 1736 1850 2238 2261 2553 2980 3118 3285 3384 3574 3622 3671 3867 4026 4098 4198 4352 4894 5124 5322 5689 5695 5723 5937 6001 6040 6090 6255 6323 6375 6567 6570 6638 6687 6846 7150 7412 7699 7807 7837 8041 8246 8507 8743 8869 9048 9056 11043 11114 11152 11168 11183 11207 11220 11221 11233 11236 11251 11273 11285 11304 11366 11399 11413 11457 11479 11483 11505 11532 11548 
	}
	history = {
	owner = MEX
	add_core_of = MEX
	}
	manpower=0
	buildings_max_level_factor=1.000
			state_category=rural

}
