state={
	id=227
	name="STATE_227"
	provinces={
		459 836 909 1015 1363 1664 1752 1861 2004 2068 2204 2330 2338 2765 2836 3209 3305 3414 3478 3553 3888 4574 4824 4947 5017 5189 5846 5849 6058 6247 6666 6857 7021 7157 7176 7244 7332 7367 7455 7526 7886 8021 8135 8366 8385 8391 8420 8794 8829 8940 8999 9019 9090 11046 11066 11083 11097 11111 11141 11150 11193 11265 11283 11294 11300 11306 11338 11387 11393 11441 11453 
	}
		history = {
	owner =  
	add_core_of =   
	}
	manpower=0
	buildings_max_level_factor=1.000
			state_category=rural

}
