state={
	id=228
	name="STATE_228"
	provinces={
		24 28 561 664 918 1022 1028 1849 1974 2192 2573 2710 3028 3111 3245 3362 3490 3599 4064 4143 4338 4690 4822 4976 5097 5325 5413 5550 5575 5780 5826 6310 6329 6530 6898 7055 7208 7250 7375 7561 8123 8309 8406 8510 8634 8755 8979 11109 11126 11139 11191 11209 11226 11239 11272 11282 11295 11307 11313 11318 11343 11348 11371 11405 11406 11408 11432 11439 11530 
	}
			history = {
	owner = OMA
	add_core_of = OMA
	}
	manpower=0
	buildings_max_level_factor=1.000
			state_category=rural

}
