state={
	id=229
	name="STATE_229"
	provinces={
		54 277 292 548 640 742 814 1158 1169 1380 1553 1618 1658 1836 2167 2226 2460 2570 2845 3277 3624 3667 3699 3704 4162 4381 4383 4393 4560 4616 5346 5599 5836 5886 6225 6228 6257 6314 6348 6407 6626 6789 6910 6936 7041 7385 7446 7532 7541 7646 7746 7827 7875 8008 8015 8045 8079 8219 8268 8278 8339 8616 8774 11105 11133 11160 11184 11211 11246 11268 11276 11277 11312 11321 11339 11355 11374 11376 11394 11410 11461 11462 11465 11480 11495 11500 11510 11576 11581 11772 
	}
		history = {
	owner = MON
	add_core_of = MON
	}
	manpower=0
	buildings_max_level_factor=1.000
}
