state={
	id=233
	name="STATE_233"
	provinces={
		142 489 886 1107 1194 1323 1639 1665 1852 2326 2530 2601 3426 3577 3672 3748 3830 4136 4172 4579 4757 4932 5381 5465 5592 6081 6250 6399 6423 6611 6939 7337 7853 7905 7966 8056 8099 8503 8509 8645 8683 8973 8989 9054 11162 11178 11223 11231 11263 11299 11324 11326 11337 11375 11409 11425 11426 11460 11494 11508 11542 11545 11553 11571 11610 11614 11638 11650 11669 11683 11700 11817 
	}
history = {
owner = USA
add_core_of = USA
}
	manpower=0
	buildings_max_level_factor=1.000
			state_category=rural

}
