state={
	id=235
	name="STATE_235"
	provinces={
		646 1024 1118 1136 1333 1566 1569 1692 1750 2240 2300 2564 2568 2580 2752 2803 2882 2994 3660 3884 3890 4268 4384 4566 4567 4611 4654 4992 5070 5195 5454 5601 5685 5694 5804 5858 5860 6194 6212 6465 6480 6689 6853 6890 7148 7211 7221 7235 7262 7376 7705 7709 7722 7769 7773 7811 7818 7911 8018 8075 8412 8523 8691 8756 8834 8866 8952 8988 11205 11240 11247 11284 11314 11315 11356 11368 11382 11396 11402 11411 11430 11434 11438 11450 11470 11481 11482 11485 11491 11501 11511 11516 11521 11556 11601 11611 11612 11630 11631 11652 11659 11661 11665 11666 11678 11729 11782 11846 11900 
	}
history = {
owner = AUS
add_core_of = AUS
}
	manpower = 1000
	buildings_max_level_factor=1.000
			state_category=rural

}
