state={
	id=239
	name="STATE_239"
	provinces={
		138 650 822 887 934 1174 1186 1532 1800 1925 2124 2154 2289 2334 2513 2623 3319 3427 3540 3781 3782 4411 4730 4759 4774 5033 5048 5143 5174 5179 5489 5580 5659 6060 6222 6366 6632 6820 6870 7124 7556 7610 7642 7661 7802 7812 7921 8013 8427 8874 8902 11361 11466 11529 11589 11607 11615 11672 11702 11708 11728 11739 11801 11835 11862 11878 11891 11922 11937 12028 
	}
history = {
owner = AUS
add_core_of = AUS
}
	manpower = 1000
	buildings_max_level_factor=1.000
		state_category=rural
}
