state={
	id=245
	name="STATE_245"
	provinces={
		135 358 615 741 827 1172 1196 1255 1320 1501 1520 1661 1737 1824 2132 2174 2255 2291 2453 2494 2950 3043 3276 3525 3630 3709 3712 3757 3785 3824 3903 3923 4017 4081 4496 4672 4723 4792 4795 5049 5316 5343 5372 5411 5440 5600 5627 5668 5721 5788 5865 6703 6808 6818 6885 7065 7159 7292 7770 7783 7801 7947 8194 8435 8641 8657 8832 8958 9021 11351 11385 11407 11475 11504 11535 11536 11550 11561 11586 11595 11604 11644 11658 11677 11684 11689 11738 11769 11783 11818 11825 11859 11867 11886 11904 11916 11923 11931 11933 11936 11970 12001 12032 12046 12078 
	}
		history = {
	owner = SHX
	add_core_of = SHX 
	}
	manpower=0
	buildings_max_level_factor=1.000
}
