state={
	id=246
	name="STATE_246"
	provinces={
		262 278 622 668 1464 2419 2457 3244 3298 3380 3586 3604 3668 3803 3814 3889 4207 4283 4744 4749 4821 5449 5648 5792 5889 5930 6052 6223 6251 6356 6433 6489 7614 7715 7793 8856 9016 11386 11415 11569 11579 11605 11642 11679 11687 11705 11722 11749 11765 11780 11803 11822 11836 11843 11844 11849 11855 11899 
	}
			history = {
	owner = PAR
	add_core_of = PAR
	buildings = {
		air_base = 1
	}
	}
	manpower=0
	buildings_max_level_factor=1.000 		state_category=rural
}
