state={
	id=254
	name="STATE_254"
	provinces={
		661 931 1239 1444 1543 1729 2157 2495 2560 2664 2702 2757 2951 3014 3056 3236 3941 4072 4084 4148 4340 5046 5429 5433 5524 5816 5845 5862 5963 6116 6328 7091 7114 7631 7979 8078 8185 8302 8648 8706 8714 8932 11519 11549 11602 11641 11645 11660 11670 11686 11694 11696 11709 11710 11712 11726 11761 11768 11773 11778 11788 11792 11854 11871 11884 11892 11905 
	}
		history = {
	owner = PAN
	add_core_of = PAN
	}
	manpower=0
	buildings_max_level_factor=1.000 		state_category=rural
}
