state={
	id=265
	name="STATE_265"
	provinces={
		168 515 604 893 912 1017 1029 1030 1036 1049 1656 1713 1841 2048 2061 2456 2578 2892 2898 3159 3179 3270 3416 3566 3580 3741 3853 3880 3898 3988 4106 4243 4332 4388 4528 4571 5200 5297 5334 5949 6046 6171 6188 6203 6283 6414 6705 6719 6754 6891 7056 7083 7479 7602 7731 7822 8178 8226 8233 8298 8408 8463 8530 8540 8740 8947 8951 9078 11743 11770 11833 11877 11893 11932 11960 11982 11985 11992 12004 12020 12027 12030 12036 12048 12060 12061 12071 12106 12121 12123 12167 12169 12171 12177 12210 12226 12253 
	}
			history = {
	owner = PAR
	add_core_of = PAR
	}
	manpower=0
	buildings_max_level_factor=1.000
}
