state={
	id=272
	name="STATE_272"
	provinces={
		91 112 200 225 309 323 419 673 750 808 1237 1423 1506 1588 1711 1765 1778 1798 1948 2343 2454 2727 2967 3274 3503 3583 3638 4067 4113 4249 4443 4502 4563 4739 4743 4949 5296 5326 5427 5622 5899 6179 6548 6843 7373 7394 7469 7716 7780 7937 7942 8136 8157 8274 8354 8622 8981 11777 11786 11805 11819 11828 11829 11832 11847 11858 11861 11876 11894 11903 11913 11926 11944 11980 11988 12002 12022 12023 12039 12050 12080 12098 12105 12118 12119 12132 12139 12146 12151 12197 
	}
	history = {
	owner = HON
	add_core_of = HON
	}
	manpower=0
	buildings_max_level_factor=1.000 		state_category=rural
}
