state={
	id=275
	name="STATE_275"
	provinces={
		101 157 311 463 557 579 651 797 807 846 923 942 979 980 1090 1115 1225 1439 1452 1533 1690 1693 1705 1712 1916 1947 1976 2077 2308 2616 2644 2730 2940 2947 2972 3046 3534 3542 3637 3806 3841 4049 4082 4107 4147 4159 4257 4461 4503 4539 4561 4572 4666 4734 4842 4886 5107 5129 5148 5301 5403 5423 5439 5504 5521 5641 5663 5691 5810 5841 5941 6165 6174 6235 6268 6279 6297 6327 6368 6536 6601 6801 6815 6816 7000 7042 7092 7094 7143 7304 7314 7444 7465 7652 7724 7747 7800 7885 7987 7998 8051 8059 8110 8171 8432 8521 8620 8745 8767 9039 9068 9076 11839 11870 11873 11924 11940 11947 11953 11989 11995 11996 12003 12019 12024 12029 12044 12051 12093 12114 12126 12128 12133 12134 12136 12154 12165 12172 12181 12196 12203 12206 12213 12218 12262 12286 12321 12335 12339 12348 12381 
	}
	history = {
	owner = IRQ
	add_core_of = IRQ
	}
	manpower=0
	buildings_max_level_factor=1.000
}
