state={
	id=278
	name="STATE_278"
	provinces={
		203 423 527 1010 1247 1659 1789 1884 1942 2185 2551 2572 2618 2982 3029 3290 3390 3524 3966 4128 4591 4788 4897 5099 5539 5624 5794 5801 5822 6199 6598 6738 7011 7070 7576 7707 7755 7916 8404 8448 8501 8557 8889 11941 11958 11961 11966 11973 11981 12011 12035 12040 12059 12066 12092 12094 12095 12100 12130 12137 12144 12153 12185 
	}
		history = {
	owner = PAN
	add_core_of = PAN
	}
	manpower = 1000
	buildings_max_level_factor=1.000 		state_category=rural
}
