state={
	id=287
	name="STATE_287"
	provinces={
		13 25 235 346 456 1081 1110 1126 1343 1391 1592 1913 1957 2045 2091 2105 2353 2465 2545 2779 2842 2954 3017 3099 3213 3629 3756 3776 4091 4604 4901 5119 5495 5948 6105 6136 6166 6316 7145 7252 7470 7497 7522 7689 7826 8029 8593 8749 8752 8803 8955 12076 12164 12189 12200 12202 12225 12227 12242 12252 12285 12299 12308 12323 12328 12334 12338 12347 12385 12387 12391 12395 12406 12413 12429 12439 12446 12482 12483 12509 
	}
	history = {
	owner = HON
	add_core_of = HON
	}
	manpower = 1000
	buildings_max_level_factor=1.000 		state_category=rural
}
