state={
	id=307
	name="STATE_307"
	provinces={
		118 149 240 518 634 665 753 917 972 1762 1958 1972 1990 2209 2230 2254 2475 2504 2811 2822 2895 2897 3006 3107 3249 3278 3306 3391 3465 3697 3833 3842 4073 4149 4213 4419 4623 4637 4694 4699 4950 4997 5072 5144 5365 5542 5698 5765 6207 6579 6616 7248 7312 7490 7892 8206 8284 8376 8737 8879 8944 12300 12303 12309 12318 12322 12354 12366 12375 12383 12386 12389 12396 12399 12400 12415 12416 12424 12430 12431 12432 12443 12449 12455 12480 12495 
	}
history = {
owner = LAT
add_core_of = LAT
}
	manpower = 1000
	buildings_max_level_factor=1.000
			state_category=rural

}
