state={
	id=321
	name="STATE_321"
	provinces={
		33 59 76 102 137 167 172 212 216 253 259 265 305 324 329 335 355 403 433 503 534 569 624 648 730 771 820 862 948 958 959 970 982 991 1046 1146 1173 1179 1193 1215 1248 1264 1309 1414 1441 1460 1481 1493 1512 1518 1550 1552 1584 1585 1610 1620 1702 1717 1739 1741 1769 1819 1827 1866 1883 1887 1899 1901 1918 1951 1967 1994 2021 2085 2120 2228 2262 2321 2389 2462 2472 2473 2539 2544 2561 2592 2629 2654 2666 2714 2720 2798 2814 2827 2870 2893 2932 2992 3036 3048 3091 3092 3215 3320 3337 3402 3417 3424 3436 3472 3494 3585 3722 3924 3943 4087 4119 4122 4215 4286 4316 4324 4386 4428 4454 4475 4521 4545 4557 4594 4603 4606 4613 4777 4784 4798 4814 4837 4893 4915 4942 4946 4971 4987 5003 5039 5087 5137 5140 5181 5224 5305 5320 5340 5354 5371 5416 5514 5519 5587 5597 5633 5671 5683 5702 5712 5782 5796 5850 5908 6031 6047 6051 6122 6124 6317 6333 6400 6413 6543 6547 6562 6619 6624 6647 6747 6880 6945 7031 7075 7100 7119 7209 7234 7236 7239 7259 7348 7381 7521 7540 7748 7869 7931 7975 8125 8290 8343 8386 8446 8536 8608 8698 8934 8937 8946 8987 9028 12414 12452 12469 12470 12476 12498 12508 12526 12527 12538 12543 12565 12566 12569 12584 12590 12594 12599 12618 12620 12622 12628 12631 12632 12640 12653 12655 12661 12670 12677 12686 12693 12694 12696 12698 12703 12727 12738 12747 12775 12793 12797 12820 12825 12834 12844 12848 12849 
	}
history = {
owner = LAT
add_core_of = LAT
}
	manpower = 1000
	buildings_max_level_factor=1.000 		state_category=rural
}
