state={
	id=337
	name="STATE_337"
	provinces={
		53 57 83 92 114 126 134 193 197 199 215 246 281 283 284 332 345 351 385 390 404 415 445 451 464 506 540 582 609 610 613 643 677 715 735 754 799 805 813 823 844 870 872 877 878 1014 1016 1025 1062 1066 1130 1181 1190 1203 1276 1296 1378 1443 1455 1461 1479 1505 1653 1688 1706 1723 1753 1771 1811 1868 1871 1960 1995 2051 2057 2092 2187 2221 2225 2253 2257 2283 2306 2310 2316 2412 2491 2527 2543 2633 2650 2690 2721 2840 2865 2885 2899 2909 2955 3000 3100 3102 3116 3140 3158 3224 3260 3262 3266 3299 3452 3510 3520 3537 3613 3645 3718 3759 3802 3891 3945 3978 4000 4027 4045 4046 4060 4079 4124 4125 4178 4250 4306 4407 4438 4532 4538 4550 4553 4556 4573 4628 4645 4660 4748 4768 4773 4782 4790 4869 4933 4957 4985 5043 5074 5168 5223 5232 5288 5360 5387 5421 5455 5652 5670 5699 5729 5787 5931 5936 5942 6002 6111 6140 6163 6182 6256 6262 6272 6378 6426 6443 6455 6492 6586 6600 6607 6625 6669 6686 6693 6696 6723 6728 6794 6866 6968 7007 7009 7087 7127 7177 7229 7295 7309 7349 7368 7414 7457 7701 7738 8027 8033 8053 8061 8111 8244 8248 8260 8319 8350 8559 8582 8751 8786 8886 9101 12614 12659 12667 12674 12701 12707 12709 12714 12726 12731 12732 12734 12739 12743 12744 12746 12754 12759 12760 12770 12773 12778 12779 12780 12785 12787 12789 12790 12794 12807 12811 12814 12818 12821 12823 12824 12826 12839 12845 12847 12853 12854 12856 
	}
history = {
owner = LAT
add_core_of = LAT
}
	manpower=0
	buildings_max_level_factor=1.000 		state_category=rural
}
