state={
	id=341
	name="STATE_341"
	provinces={
		32 48 258 349 454 479 553 819 868 896 953 1123 1428 1433 1489 1498 1522 1605 1821 1962 2047 2211 2313 2346 2688 2817 2948 2996 3193 3334 3458 3590 3711 3970 4117 4238 4596 4657 4705 4729 4903 5109 5196 5219 5267 5281 5379 5412 5529 5923 6049 6075 6113 6362 6425 6471 6575 6766 6878 6913 6944 7045 7467 7525 7579 7922 8023 8077 8179 8228 8304 8369 8482 8483 8486 8712 8812 8816 8845 8900 9934 9989 10047 10066 10092 10111 10132 10146 10156 10185 10213 10216 10230 10234 10236 10247 10257 10260 10274 10297 10310 10327 10347 10353 10357 10383 10388 10389 10416 10421 10429 10431 10441 10459 10465 10467 10475 10496 10503 10526 10531 10559 10568 10576 10578 10656 10663 
	}
		history = {
	owner = SOV
	add_core_of = SOV
	}
	manpower=0
	buildings_max_level_factor=1.000 		state_category=rural
}
