state={
	id=342
	name="STATE_342"
	provinces={
		81 233 840 945 975 1211 1279 1376 1583 2065 2322 2349 2582 2591 2661 2744 2780 2877 2924 3083 3199 3328 3482 3497 3725 3728 3767 3911 3933 4023 4192 4251 4278 4364 4389 4703 4758 4799 4811 4888 5015 5053 5067 5081 5277 5793 5885 5912 5954 5990 6230 6282 6319 6444 6495 6650 6665 6698 6756 6797 6821 6832 6859 6863 6874 6934 6947 6976 7015 7060 7101 7132 7279 7383 7520 7571 7590 7613 7697 7726 7934 8074 8103 8170 8359 8485 8504 8546 8643 8674 8833 8841 8894 9075 9079 9087 10241 10269 10272 10282 10304 10325 10344 10365 10371 10377 10400 10404 10415 10452 10466 10474 10480 10507 10511 10518 10534 10547 10592 10605 10609 10620 10621 10634 10655 10673 10699 10729 10735 10736 10742 10770 10791 10802 10803 10808 10824 10856 10889 10892 10925 10929 11090 11222 11350 11431 
	}
		history = {
	owner = SOV
	add_core_of = SOV
	}
	manpower=0
	buildings_max_level_factor=1.000
}
