
state={
	id=343
	name="STATE_343"

	history={
		owner = SOV
		add_core_of = SOV

	}

	provinces={
		8 20 73 78 121 170 254 275 342 343 354 373 374 425 428 431 441 446 467 584 721 748 768 789 821 847 863 915 933 936 1044 1063 1132 1165 1232 1270 1284 1291 1322 1342 1394 1397 1413 1418 1432 1438 1576 1627 1657 1671 1675 1676 1683 1757 1793 1794 1795 1799 1853 1859 1879 1889 1904 1924 1937 1946 1961 1989 1992 2016 2022 2039 2070 2090 2131 2152 2198 2210 2282 2295 2318 2358 2407 2410 2444 2476 2478 2496 2500 2518 2520 2537 2540 2555 2620 2686 2708 2796 2878 2908 2911 2927 2937 2942 2943 2953 2961 2971 3003 3034 3035 3044 3122 3123 3134 3138 3147 3173 3185 3282 3311 3316 3348 3374 3389 3394 3411 3413 3423 3449 3461 3493 3504 3505 3508 3568 3575 3605 3642 3643 3661 3666 3674 3679 3739 3746 3804 3878 3881 3938 3958 3960 3980 4009 4010 4035 4071 4074 4153 4191 4193 4216 4239 4253 4285 4296 4298 4309 4341 4369 4375 4429 4430 4448 4460 4466 4467 4509 4529 4544 4578 4580 4586 4589 4617 4634 4647 4667 4675 4809 4825 4846 4850 4878 4954 4966 4990 4995 5023 5121 5134 5154 5226 5237 5258 5314 5315 5359 5395 5396 5410 5419 5428 5441 5461 5488 5491 5508 5557 5637 5649 5673 5747 5769 5772 5857 5884 5913 5939 5992 5995 6006 6013 6067 6079 6119 6156 6157 6160 6161 6210 6214 6263 6286 6318 6322 6353 6387 6408 6421 6500 6502 6506 6508 6539 6565 6580 6596 6613 6652 6668 6695 6718 6757 6777 6778 6782 6790 6798 6827 6849 6850 6908 6919 6926 6930 6940 6941 6943 6984 7069 7082 7107 7163 7167 7175 7185 7186 7194 7216 7232 7307 7328 7330 7345 7372 7409 7417 7443 7481 7494 7512 7519 7530 7543 7566 7583 7628 7650 7665 7669 7692 7754 7762 7775 7778 7805 7820 7889 7906 7923 7928 7967 7981 7986 8028 8034 8071 8093 8116 8145 8148 8150 8161 8188 8190 8191 8196 8199 8213 8249 8323 8327 8388 8454 8457 8493 8499 8549 8580 8602 8658 8663 8677 8717 8769 8777 8815 8821 8912 8997 9002 9020 9022 9023 9034 9047 9051 9065 9066 9100 10681 10707 10708 10737 10779 10796 10831 10834 10857 10863 10869 10884 10897 10914 10915 10941 10950 10965 10969 10970 10975 10998 11004 11008 11029 11033 11041 11048 11057 11060 11065 11096 11138 11140 11149 11158 11166 11167 11192 11194 11203 11206 11217 11250 11253 11257 11261 11262 11266 11280 11293 11298 11320 11332 11333 11344 11360 11365 11372 11392 11400 11419 11420 11422 11423 11424 11428 11440 11447 11448 11456 11478 11497 11498 11499 11503 11518 11528 11531 11540 11541 11547 11560 11574 11575 11584 11594 11599 11600 11609 11621 11633 11637 11640 11657 11663 11664 11668 11692 11707 11711 11720 11724 11730 11737 11744 11747 11752 11756 11759 11763 11776 11785 11789 11790 11794 11798 11799 11808 11811 11816 11827 11840 11852 11853 11857 11863 11880 11881 11882 11885 11889 11896 11901 11902 11906 11915 11919 11934 11938 11939 11942 11946 11949 11951 11964 11969 11971 11975 11977 11978 11979 11997 12007 12010 12018 12021 12026 12034 12038 12043 12045 12054 12056 12057 12062 12064 12065 12084 12087 12090 12099 12104 12110 12115 12131 12141 12143 12155 12156 12168 12170 12179 12180 12192 12194 12217 12232 12255 12268 12278 12290 12327 12365 12402 12441 12492 12518 12596 12649 12657 12663 
	}
	manpower = 1000
	buildings_max_level_factor=1.000
	state_category=rural
	local_supplies=0.000
}
