state={
	id=344
	name="STATE_344"
	provinces={
		42 50 62 86 208 241 319 328 341 365 426 491 507 633 660 666 669 712 713 738 832 849 892 952 954 967 1045 1094 1137 1151 1163 1229 1240 1244 1275 1331 1360 1382 1451 1494 1497 1559 1617 1635 1677 1718 1743 1744 1748 1766 1790 1806 1873 1906 1931 1954 1984 2005 2125 2139 2144 2166 2170 2172 2179 2194 2224 2227 2260 2347 2372 2405 2431 2435 2517 2528 2638 2643 2658 2681 2701 2734 2735 2750 2764 2773 2824 2847 2854 2931 3030 3066 3114 3124 3129 3137 3170 3172 3195 3221 3237 3251 3459 3467 3475 3529 3536 3557 3584 3596 3611 3694 3698 3736 3745 3772 3792 3795 3832 3835 3848 3896 3914 3939 3949 4025 4057 4097 4102 4121 4142 4378 4400 4477 4595 4716 4904 4913 4994 5007 5009 5114 5153 5171 5257 5265 5331 5336 5389 5444 5463 5502 5516 5547 5561 5565 5568 5576 5658 5744 5821 5894 5946 5951 5970 5974 5984 5997 6008 6018 6096 6130 6178 6221 6277 6291 6403 6461 6561 6688 6721 6751 6893 6937 6986 6989 7102 7149 7160 7212 7284 7333 7402 7501 7513 7552 7596 7672 7789 7829 7971 7984 7999 8020 8025 8082 8168 8281 8338 8490 8514 8518 8560 8572 8626 8675 8792 8885 8899 8903 8972 9005 9083 12448 12466 12471 12477 12479 12485 12489 12490 12493 12507 12516 12524 12525 12529 12532 12540 12542 12550 12555 12556 12558 12560 12561 12562 12563 12570 12572 12577 12579 12585 12586 12589 12591 12593 12597 12601 12602 12603 12607 12613 12615 12616 12617 12619 12621 12623 12629 12636 12638 12645 12646 12650 12652 12654 12658 12664 12665 12679 12680 12682 12685 12700 12704 12710 12712 12717 12724 12757 
	}
history = {
owner = LAT
add_core_of = LAT
}
	manpower = 1000
	buildings_max_level_factor=1.000 		state_category=rural
}
