state={
	id=345
	name="STATE_345"
	provinces={
		6 26 67 96 105 110 133 145 148 159 163 181 201 204 223 224 274 314 316 318 330 356 363 397 399 450 471 486 500 544 552 583 597 619 642 652 683 691 694 695 696 708 711 726 756 775 778 783 785 824 859 884 900 925 955 963 971 973 995 1004 1023 1031 1093 1148 1153 1156 1159 1161 1183 1184 1204 1205 1219 1267 1300 1301 1305 1307 1315 1338 1402 1420 1447 1453 1467 1473 1487 1499 1509 1546 1551 1572 1609 1615 1662 1733 1745 1759 1773 1783 1784 1855 1863 1867 1900 1903 1922 1979 2015 2017 2044 2087 2098 2112 2121 2126 2159 2162 2173 2183 2186 2217 2232 2237 2239 2272 2293 2363 2366 2376 2393 2424 2442 2451 2538 2546 2567 2608 2632 2634 2669 2705 2706 2763 2777 2802 2805 2820 2825 2831 2834 2843 2855 2863 2876 2887 2959 2987 3012 3041 3061 3067 3086 3110 3141 3145 3146 3162 3178 3189 3192 3264 3268 3272 3281 3288 3300 3308 3317 3329 3332 3333 3343 3353 3366 3371 3403 3464 3514 3523 3538 3545 3551 3552 3556 3603 3703 3716 3738 3825 3877 3892 4083 4111 4151 4222 4230 4240 4291 4346 4373 4374 4380 4435 4473 4600 4618 4622 4655 4687 4724 4750 4780 4781 4839 4859 4879 4902 5008 5019 5029 5031 5059 5079 5100 5113 5238 5356 5442 5477 5538 5545 5609 5613 5655 5664 5707 5730 5754 5797 5829 5834 5853 5871 5872 5882 5926 5953 6078 6104 6128 6137 6295 6350 6373 6499 6637 6709 6716 6743 6787 6845 6899 6904 6912 7013 7016 7022 7240 7270 7306 7317 7371 7488 7567 7659 7732 7766 7870 7873 7969 8022 8076 8101 8126 8144 8216 8241 8442 8475 8500 8532 8534 8652 8687 8694 8700 8754 8850 8854 8920 8936 9011 9038 9057 12673 12683 12702 12706 12713 12715 12719 12721 12722 12723 12725 12729 12733 12735 12737 12740 12742 12745 12748 12752 12753 12755 12756 12758 12761 12762 12763 12768 12771 12774 12777 12782 12783 12784 12786 12788 12791 12792 12795 12796 12799 12800 12801 12804 12805 12806 12808 12809 12810 12812 12815 12817 12819 12822 12828 12829 12830 12831 12832 12835 12837 12838 12840 12841 12843 12846 12852 12858 
	}
history = {
owner = LAT
add_core_of = LAT
}
	manpower = 1000
	buildings_max_level_factor=1.000 		state_category=rural
}
