
state={
	id=71
	name="STATE_71"

	history={
		owner = SOV
		add_core_of = SOV

	}

	provinces={
		49 221 272 535 659 671 675 829 1003 1135 1295 1324 1336 1344 1355 1362 1437 1651 1912 1928 2307 2339 2381 2383 2603 2867 2952 2970 3052 3210 3691 4002 4092 4129 4137 4166 4311 4662 4740 4958 5155 6087 6952 7076 7079 7548 7684 7691 7958 8480 8847 8861 9115 9116 9117 9118 9119 9120 9121 9123 9125 9126 9127 9133 9140 9142 9150 9159 9175 9202 
	}
	manpower=0
	buildings_max_level_factor=1.000
	state_category=rural
	local_supplies=0.000
}
