state={
	id=78
	name="STATE_78"
	provinces={
		5 219 494 499 645 767 842 852 1218 1349 1400 1719 1747 1834 1932 2200 2269 2418 2511 2819 3060 3104 3269 3310 3314 3516 3582 4138 4177 4208 4288 4458 4462 4513 4526 4543 4592 4593 4910 4914 4941 4984 5264 5407 5581 5676 5806 5830 5910 6030 6038 6168 6415 6459 6643 6817 6917 7036 7088 7266 7347 7623 7653 7917 8603 8695 8883 9122 9124 9132 9135 9148 9151 9160 9161 9174 9178 9179 9181 9192 9198 9211 9225 9226 9255 9260 9283 
	}
history = {
owner = ALB
add_core_of = ALB
}
	manpower = 1000
	buildings_max_level_factor=1.000 		state_category=town
}
